1682 3
8 1 0.000000000000000e+00
11 1 0.000000000000000e+00
13 1 0.000000000000000e+00
15 1 0.000000000000000e+00
36 1 0.000000000000000e+00
37 1 0.000000000000000e+00
38 1 0.000000000000000e+00
39 1 0.000000000000000e+00
1103 1 0.000000000000000e+00
1104 1 0.000000000000000e+00
1105 1 0.000000000000000e+00
1106 1 0.000000000000000e+00
1107 1 0.000000000000000e+00
1108 1 0.000000000000000e+00
1109 1 0.000000000000000e+00
1110 1 0.000000000000000e+00
1111 1 0.000000000000000e+00
1112 1 0.000000000000000e+00
1113 1 0.000000000000000e+00
1114 1 0.000000000000000e+00
1115 1 0.000000000000000e+00
1116 1 0.000000000000000e+00
1117 1 0.000000000000000e+00
1118 1 0.000000000000000e+00
1119 1 0.000000000000000e+00
1120 1 0.000000000000000e+00
1121 1 0.000000000000000e+00
1122 1 0.000000000000000e+00
1123 1 0.000000000000000e+00
1124 1 0.000000000000000e+00
1125 1 0.000000000000000e+00
1126 1 0.000000000000000e+00
1127 1 0.000000000000000e+00
1128 1 0.000000000000000e+00
1129 1 0.000000000000000e+00
1130 1 0.000000000000000e+00
1131 1 0.000000000000000e+00
1132 1 0.000000000000000e+00
1133 1 0.000000000000000e+00
1134 1 0.000000000000000e+00
1135 1 0.000000000000000e+00
1136 1 0.000000000000000e+00
1137 1 0.000000000000000e+00
1138 1 0.000000000000000e+00
1139 1 0.000000000000000e+00
1140 1 0.000000000000000e+00
1141 1 0.000000000000000e+00
1142 1 0.000000000000000e+00
1143 1 0.000000000000000e+00
1144 1 0.000000000000000e+00
1145 1 0.000000000000000e+00
1146 1 0.000000000000000e+00
1147 1 0.000000000000000e+00
1148 1 0.000000000000000e+00
1149 1 0.000000000000000e+00
1150 1 0.000000000000000e+00
1151 1 0.000000000000000e+00
1152 1 0.000000000000000e+00
1153 1 0.000000000000000e+00
1154 1 0.000000000000000e+00
1155 1 0.000000000000000e+00
1156 1 0.000000000000000e+00
1157 1 0.000000000000000e+00
1158 1 0.000000000000000e+00
1159 1 0.000000000000000e+00
1160 1 0.000000000000000e+00
1161 1 0.000000000000000e+00
1162 1 0.000000000000000e+00
1163 1 0.000000000000000e+00
1164 1 0.000000000000000e+00
1165 1 0.000000000000000e+00
1166 1 0.000000000000000e+00
1167 1 0.000000000000000e+00
1168 1 0.000000000000000e+00
1169 1 0.000000000000000e+00
1170 1 0.000000000000000e+00
1171 1 0.000000000000000e+00
1172 1 0.000000000000000e+00
1173 1 0.000000000000000e+00
1174 1 0.000000000000000e+00
1175 1 0.000000000000000e+00
1176 1 0.000000000000000e+00
1177 1 0.000000000000000e+00
1178 1 0.000000000000000e+00
1179 1 0.000000000000000e+00
1180 1 0.000000000000000e+00
1181 1 0.000000000000000e+00
1182 1 0.000000000000000e+00
1183 1 0.000000000000000e+00
1184 1 0.000000000000000e+00
1185 1 0.000000000000000e+00
1186 1 0.000000000000000e+00
1187 1 0.000000000000000e+00
1188 1 0.000000000000000e+00
1189 1 0.000000000000000e+00
1190 1 0.000000000000000e+00
1191 1 0.000000000000000e+00
1192 1 0.000000000000000e+00
1193 1 0.000000000000000e+00
1194 1 0.000000000000000e+00
1195 1 0.000000000000000e+00
1196 1 0.000000000000000e+00
1197 1 0.000000000000000e+00
1198 1 0.000000000000000e+00
1199 1 0.000000000000000e+00
1200 1 0.000000000000000e+00
1201 1 0.000000000000000e+00
1202 1 0.000000000000000e+00
1203 1 0.000000000000000e+00
1204 1 0.000000000000000e+00
1205 1 0.000000000000000e+00
1206 1 0.000000000000000e+00
1207 1 0.000000000000000e+00
1208 1 0.000000000000000e+00
1209 1 0.000000000000000e+00
1210 1 0.000000000000000e+00
1211 1 0.000000000000000e+00
1212 1 0.000000000000000e+00
1213 1 0.000000000000000e+00
1214 1 0.000000000000000e+00
1215 1 0.000000000000000e+00
1216 1 0.000000000000000e+00
1217 1 0.000000000000000e+00
1218 1 0.000000000000000e+00
1219 1 0.000000000000000e+00
1220 1 0.000000000000000e+00
1221 1 0.000000000000000e+00
1222 1 0.000000000000000e+00
1223 1 0.000000000000000e+00
1224 1 0.000000000000000e+00
1225 1 0.000000000000000e+00
1226 1 0.000000000000000e+00
1227 1 0.000000000000000e+00
1228 1 0.000000000000000e+00
1229 1 0.000000000000000e+00
1230 1 0.000000000000000e+00
1231 1 0.000000000000000e+00
1232 1 0.000000000000000e+00
1233 1 0.000000000000000e+00
1234 1 0.000000000000000e+00
1235 1 0.000000000000000e+00
1236 1 0.000000000000000e+00
1237 1 0.000000000000000e+00
1238 1 0.000000000000000e+00
1239 1 0.000000000000000e+00
1240 1 0.000000000000000e+00
1241 1 0.000000000000000e+00
1242 1 0.000000000000000e+00
1243 1 0.000000000000000e+00
1244 1 0.000000000000000e+00
1245 1 0.000000000000000e+00
1246 1 0.000000000000000e+00
1247 1 0.000000000000000e+00
1248 1 0.000000000000000e+00
1249 1 0.000000000000000e+00
1250 1 0.000000000000000e+00
1251 1 0.000000000000000e+00
1252 1 0.000000000000000e+00
1253 1 0.000000000000000e+00
1254 1 0.000000000000000e+00
1255 1 0.000000000000000e+00
1256 1 0.000000000000000e+00
1257 1 0.000000000000000e+00
1258 1 0.000000000000000e+00
1259 1 0.000000000000000e+00
1260 1 0.000000000000000e+00
1261 1 0.000000000000000e+00
1262 1 0.000000000000000e+00
1263 1 0.000000000000000e+00
1264 1 0.000000000000000e+00
1265 1 0.000000000000000e+00
1266 1 0.000000000000000e+00
1267 1 0.000000000000000e+00
1268 1 0.000000000000000e+00
1269 1 0.000000000000000e+00
1270 1 0.000000000000000e+00
1271 1 0.000000000000000e+00
1272 1 0.000000000000000e+00
1273 1 0.000000000000000e+00
1274 1 0.000000000000000e+00
1275 1 0.000000000000000e+00
1276 1 0.000000000000000e+00
1277 1 0.000000000000000e+00
1278 1 0.000000000000000e+00
1279 1 0.000000000000000e+00
1280 1 0.000000000000000e+00
1281 1 0.000000000000000e+00
1282 1 0.000000000000000e+00
1283 1 0.000000000000000e+00
1284 1 0.000000000000000e+00
1285 1 0.000000000000000e+00
1286 1 0.000000000000000e+00
1287 1 0.000000000000000e+00
1288 1 0.000000000000000e+00
1289 1 0.000000000000000e+00
1290 1 0.000000000000000e+00
1291 1 0.000000000000000e+00
1292 1 0.000000000000000e+00
1293 1 0.000000000000000e+00
1294 1 0.000000000000000e+00
1295 1 0.000000000000000e+00
1296 1 0.000000000000000e+00
1297 1 0.000000000000000e+00
1298 1 0.000000000000000e+00
1299 1 0.000000000000000e+00
1300 1 0.000000000000000e+00
1301 1 0.000000000000000e+00
1302 1 0.000000000000000e+00
1303 1 0.000000000000000e+00
1304 1 0.000000000000000e+00
1305 1 0.000000000000000e+00
1306 1 0.000000000000000e+00
1307 1 0.000000000000000e+00
1308 1 0.000000000000000e+00
1309 1 0.000000000000000e+00
1310 1 0.000000000000000e+00
1311 1 0.000000000000000e+00
1312 1 0.000000000000000e+00
1313 1 0.000000000000000e+00
1314 1 0.000000000000000e+00
1315 1 0.000000000000000e+00
1316 1 0.000000000000000e+00
1317 1 0.000000000000000e+00
1318 1 0.000000000000000e+00
1319 1 0.000000000000000e+00
1320 1 0.000000000000000e+00
1321 1 0.000000000000000e+00
1322 1 0.000000000000000e+00
1323 1 0.000000000000000e+00
1324 1 0.000000000000000e+00
1325 1 0.000000000000000e+00
1326 1 0.000000000000000e+00
1327 1 0.000000000000000e+00
1328 1 0.000000000000000e+00
1329 1 0.000000000000000e+00
1330 1 0.000000000000000e+00
1331 1 0.000000000000000e+00
1332 1 0.000000000000000e+00
1333 1 0.000000000000000e+00
1334 1 0.000000000000000e+00
1335 1 0.000000000000000e+00
1336 1 0.000000000000000e+00
1337 1 0.000000000000000e+00
1338 1 0.000000000000000e+00
1339 1 0.000000000000000e+00
1340 1 0.000000000000000e+00
1341 1 0.000000000000000e+00
1342 1 0.000000000000000e+00
1343 1 0.000000000000000e+00
1344 1 0.000000000000000e+00
1345 1 0.000000000000000e+00
1346 1 0.000000000000000e+00
1347 1 0.000000000000000e+00
1348 1 0.000000000000000e+00
1349 1 0.000000000000000e+00
1350 1 0.000000000000000e+00
1351 1 0.000000000000000e+00
1352 1 0.000000000000000e+00
1353 1 0.000000000000000e+00
1354 1 0.000000000000000e+00
1355 1 0.000000000000000e+00
1356 1 0.000000000000000e+00
1357 1 0.000000000000000e+00
1358 1 0.000000000000000e+00
1359 1 0.000000000000000e+00
1360 1 0.000000000000000e+00
1361 1 0.000000000000000e+00
1362 1 0.000000000000000e+00
1363 1 0.000000000000000e+00
1364 1 0.000000000000000e+00
1365 1 0.000000000000000e+00
1366 1 0.000000000000000e+00
1367 1 0.000000000000000e+00
1368 1 0.000000000000000e+00
1369 1 0.000000000000000e+00
1370 1 0.000000000000000e+00
1371 1 0.000000000000000e+00
1372 1 0.000000000000000e+00
1373 1 0.000000000000000e+00
1374 1 0.000000000000000e+00
1375 1 0.000000000000000e+00
1376 1 0.000000000000000e+00
1377 1 0.000000000000000e+00
1378 1 0.000000000000000e+00
1379 1 0.000000000000000e+00
1380 1 0.000000000000000e+00
1381 1 0.000000000000000e+00
1382 1 0.000000000000000e+00
1383 1 0.000000000000000e+00
1384 1 0.000000000000000e+00
1385 1 0.000000000000000e+00
1386 1 0.000000000000000e+00
1387 1 0.000000000000000e+00
1388 1 0.000000000000000e+00
1389 1 0.000000000000000e+00
1390 1 0.000000000000000e+00
1391 1 0.000000000000000e+00
1392 1 0.000000000000000e+00
1393 1 0.000000000000000e+00
1394 1 0.000000000000000e+00
1395 1 0.000000000000000e+00
1396 1 0.000000000000000e+00
1397 1 0.000000000000000e+00
1398 1 0.000000000000000e+00
1399 1 0.000000000000000e+00
4252 1 0.000000000000000e+00
4253 1 0.000000000000000e+00
4254 1 0.000000000000000e+00
4255 1 0.000000000000000e+00
4256 1 0.000000000000000e+00
4257 1 0.000000000000000e+00
4258 1 0.000000000000000e+00
4259 1 0.000000000000000e+00
4260 1 0.000000000000000e+00
4261 1 0.000000000000000e+00
4262 1 0.000000000000000e+00
4263 1 0.000000000000000e+00
4264 1 0.000000000000000e+00
4265 1 0.000000000000000e+00
4266 1 0.000000000000000e+00
4267 1 0.000000000000000e+00
4268 1 0.000000000000000e+00
4269 1 0.000000000000000e+00
4270 1 0.000000000000000e+00
4271 1 0.000000000000000e+00
4272 1 0.000000000000000e+00
4273 1 0.000000000000000e+00
4274 1 0.000000000000000e+00
4275 1 0.000000000000000e+00
4276 1 0.000000000000000e+00
4277 1 0.000000000000000e+00
4278 1 0.000000000000000e+00
4279 1 0.000000000000000e+00
4280 1 0.000000000000000e+00
4281 1 0.000000000000000e+00
4282 1 0.000000000000000e+00
4283 1 0.000000000000000e+00
4284 1 0.000000000000000e+00
4285 1 0.000000000000000e+00
4286 1 0.000000000000000e+00
4287 1 0.000000000000000e+00
4288 1 0.000000000000000e+00
4289 1 0.000000000000000e+00
4290 1 0.000000000000000e+00
4291 1 0.000000000000000e+00
4292 1 0.000000000000000e+00
4293 1 0.000000000000000e+00
4294 1 0.000000000000000e+00
4295 1 0.000000000000000e+00
4296 1 0.000000000000000e+00
4297 1 0.000000000000000e+00
4298 1 0.000000000000000e+00
4299 1 0.000000000000000e+00
4300 1 0.000000000000000e+00
4301 1 0.000000000000000e+00
4302 1 0.000000000000000e+00
4303 1 0.000000000000000e+00
4304 1 0.000000000000000e+00
4305 1 0.000000000000000e+00
4306 1 0.000000000000000e+00
4307 1 0.000000000000000e+00
4308 1 0.000000000000000e+00
4309 1 0.000000000000000e+00
4310 1 0.000000000000000e+00
4311 1 0.000000000000000e+00
4312 1 0.000000000000000e+00
4313 1 0.000000000000000e+00
4314 1 0.000000000000000e+00
4315 1 0.000000000000000e+00
4316 1 0.000000000000000e+00
4317 1 0.000000000000000e+00
4318 1 0.000000000000000e+00
4319 1 0.000000000000000e+00
4320 1 0.000000000000000e+00
4321 1 0.000000000000000e+00
4322 1 0.000000000000000e+00
4323 1 0.000000000000000e+00
4324 1 0.000000000000000e+00
4325 1 0.000000000000000e+00
4326 1 0.000000000000000e+00
4327 1 0.000000000000000e+00
4328 1 0.000000000000000e+00
4329 1 0.000000000000000e+00
4330 1 0.000000000000000e+00
4331 1 0.000000000000000e+00
4332 1 0.000000000000000e+00
4333 1 0.000000000000000e+00
4334 1 0.000000000000000e+00
4335 1 0.000000000000000e+00
4336 1 0.000000000000000e+00
4337 1 0.000000000000000e+00
4338 1 0.000000000000000e+00
4339 1 0.000000000000000e+00
4340 1 0.000000000000000e+00
4341 1 0.000000000000000e+00
4342 1 0.000000000000000e+00
4343 1 0.000000000000000e+00
4344 1 0.000000000000000e+00
4345 1 0.000000000000000e+00
4346 1 0.000000000000000e+00
4347 1 0.000000000000000e+00
4348 1 0.000000000000000e+00
4349 1 0.000000000000000e+00
4350 1 0.000000000000000e+00
4351 1 0.000000000000000e+00
4352 1 0.000000000000000e+00
4353 1 0.000000000000000e+00
4354 1 0.000000000000000e+00
4355 1 0.000000000000000e+00
4356 1 0.000000000000000e+00
4357 1 0.000000000000000e+00
4358 1 0.000000000000000e+00
4359 1 0.000000000000000e+00
4360 1 0.000000000000000e+00
4361 1 0.000000000000000e+00
4362 1 0.000000000000000e+00
4363 1 0.000000000000000e+00
4364 1 0.000000000000000e+00
4365 1 0.000000000000000e+00
4366 1 0.000000000000000e+00
4367 1 0.000000000000000e+00
4368 1 0.000000000000000e+00
4369 1 0.000000000000000e+00
4370 1 0.000000000000000e+00
4371 1 0.000000000000000e+00
4372 1 0.000000000000000e+00
4373 1 0.000000000000000e+00
4374 1 0.000000000000000e+00
4375 1 0.000000000000000e+00
4376 1 0.000000000000000e+00
4377 1 0.000000000000000e+00
4378 1 0.000000000000000e+00
4379 1 0.000000000000000e+00
4380 1 0.000000000000000e+00
4381 1 0.000000000000000e+00
4382 1 0.000000000000000e+00
4383 1 0.000000000000000e+00
4384 1 0.000000000000000e+00
4385 1 0.000000000000000e+00
4386 1 0.000000000000000e+00
4387 1 0.000000000000000e+00
4388 1 0.000000000000000e+00
4389 1 0.000000000000000e+00
4390 1 0.000000000000000e+00
4391 1 0.000000000000000e+00
4392 1 0.000000000000000e+00
4393 1 0.000000000000000e+00
4394 1 0.000000000000000e+00
4395 1 0.000000000000000e+00
4396 1 0.000000000000000e+00
4397 1 0.000000000000000e+00
4398 1 0.000000000000000e+00
4399 1 0.000000000000000e+00
4400 1 0.000000000000000e+00
4490 1 0.000000000000000e+00
4491 1 0.000000000000000e+00
4492 1 0.000000000000000e+00
4493 1 0.000000000000000e+00
4494 1 0.000000000000000e+00
4495 1 0.000000000000000e+00
4496 1 0.000000000000000e+00
4497 1 0.000000000000000e+00
4498 1 0.000000000000000e+00
4499 1 0.000000000000000e+00
4500 1 0.000000000000000e+00
4501 1 0.000000000000000e+00
4502 1 0.000000000000000e+00
4503 1 0.000000000000000e+00
4504 1 0.000000000000000e+00
4505 1 0.000000000000000e+00
4506 1 0.000000000000000e+00
4507 1 0.000000000000000e+00
4508 1 0.000000000000000e+00
4509 1 0.000000000000000e+00
4510 1 0.000000000000000e+00
4511 1 0.000000000000000e+00
4512 1 0.000000000000000e+00
4513 1 0.000000000000000e+00
4514 1 0.000000000000000e+00
4515 1 0.000000000000000e+00
4516 1 0.000000000000000e+00
4517 1 0.000000000000000e+00
4518 1 0.000000000000000e+00
4519 1 0.000000000000000e+00
4520 1 0.000000000000000e+00
4521 1 0.000000000000000e+00
4522 1 0.000000000000000e+00
4523 1 0.000000000000000e+00
4524 1 0.000000000000000e+00
4525 1 0.000000000000000e+00
4526 1 0.000000000000000e+00
4527 1 0.000000000000000e+00
4528 1 0.000000000000000e+00
4529 1 0.000000000000000e+00
4530 1 0.000000000000000e+00
4531 1 0.000000000000000e+00
4532 1 0.000000000000000e+00
4533 1 0.000000000000000e+00
4534 1 0.000000000000000e+00
4535 1 0.000000000000000e+00
4536 1 0.000000000000000e+00
4537 1 0.000000000000000e+00
4538 1 0.000000000000000e+00
4539 1 0.000000000000000e+00
4540 1 0.000000000000000e+00
4541 1 0.000000000000000e+00
4542 1 0.000000000000000e+00
4543 1 0.000000000000000e+00
4544 1 0.000000000000000e+00
4545 1 0.000000000000000e+00
4546 1 0.000000000000000e+00
4547 1 0.000000000000000e+00
4548 1 0.000000000000000e+00
4638 1 0.000000000000000e+00
4639 1 0.000000000000000e+00
4640 1 0.000000000000000e+00
4641 1 0.000000000000000e+00
4642 1 0.000000000000000e+00
4643 1 0.000000000000000e+00
4644 1 0.000000000000000e+00
4645 1 0.000000000000000e+00
4646 1 0.000000000000000e+00
4647 1 0.000000000000000e+00
4648 1 0.000000000000000e+00
4649 1 0.000000000000000e+00
4650 1 0.000000000000000e+00
4651 1 0.000000000000000e+00
4652 1 0.000000000000000e+00
4653 1 0.000000000000000e+00
4654 1 0.000000000000000e+00
4655 1 0.000000000000000e+00
4656 1 0.000000000000000e+00
4657 1 0.000000000000000e+00
4658 1 0.000000000000000e+00
4659 1 0.000000000000000e+00
4660 1 0.000000000000000e+00
4661 1 0.000000000000000e+00
4662 1 0.000000000000000e+00
4663 1 0.000000000000000e+00
4664 1 0.000000000000000e+00
4665 1 0.000000000000000e+00
4666 1 0.000000000000000e+00
4667 1 0.000000000000000e+00
4668 1 0.000000000000000e+00
4669 1 0.000000000000000e+00
4670 1 0.000000000000000e+00
4671 1 0.000000000000000e+00
4672 1 0.000000000000000e+00
4673 1 0.000000000000000e+00
4674 1 0.000000000000000e+00
4675 1 0.000000000000000e+00
4676 1 0.000000000000000e+00
4677 1 0.000000000000000e+00
4678 1 0.000000000000000e+00
4679 1 0.000000000000000e+00
4680 1 0.000000000000000e+00
4681 1 0.000000000000000e+00
4682 1 0.000000000000000e+00
4683 1 0.000000000000000e+00
4684 1 0.000000000000000e+00
4685 1 0.000000000000000e+00
4686 1 0.000000000000000e+00
4687 1 0.000000000000000e+00
4688 1 0.000000000000000e+00
4689 1 0.000000000000000e+00
4690 1 0.000000000000000e+00
4691 1 0.000000000000000e+00
4692 1 0.000000000000000e+00
4693 1 0.000000000000000e+00
4694 1 0.000000000000000e+00
4695 1 0.000000000000000e+00
4696 1 0.000000000000000e+00
4697 1 0.000000000000000e+00
4698 1 0.000000000000000e+00
4699 1 0.000000000000000e+00
4700 1 0.000000000000000e+00
4701 1 0.000000000000000e+00
4702 1 0.000000000000000e+00
4703 1 0.000000000000000e+00
4704 1 0.000000000000000e+00
4705 1 0.000000000000000e+00
4706 1 0.000000000000000e+00
4707 1 0.000000000000000e+00
4708 1 0.000000000000000e+00
4709 1 0.000000000000000e+00
4710 1 0.000000000000000e+00
4711 1 0.000000000000000e+00
4712 1 0.000000000000000e+00
4713 1 0.000000000000000e+00
4714 1 0.000000000000000e+00
4715 1 0.000000000000000e+00
4716 1 0.000000000000000e+00
4717 1 0.000000000000000e+00
4718 1 0.000000000000000e+00
4719 1 0.000000000000000e+00
4720 1 0.000000000000000e+00
4721 1 0.000000000000000e+00
4722 1 0.000000000000000e+00
4723 1 0.000000000000000e+00
4724 1 0.000000000000000e+00
4725 1 0.000000000000000e+00
4726 1 0.000000000000000e+00
0 0 0.000000000000000e+00
0 1 0.000000000000000e+00
0 2 0.000000000000000e+00
1 0 0.000000000000000e+00
1 1 0.000000000000000e+00
1 2 0.000000000000000e+00
2 0 0.000000000000000e+00
2 1 0.000000000000000e+00
2 2 0.000000000000000e+00
3 0 0.000000000000000e+00
3 1 0.000000000000000e+00
3 2 0.000000000000000e+00
20 0 0.000000000000000e+00
20 1 0.000000000000000e+00
20 2 0.000000000000000e+00
23 0 0.000000000000000e+00
23 1 0.000000000000000e+00
23 2 0.000000000000000e+00
25 0 0.000000000000000e+00
25 1 0.000000000000000e+00
25 2 0.000000000000000e+00
27 0 0.000000000000000e+00
27 1 0.000000000000000e+00
27 2 0.000000000000000e+00
40 0 0.000000000000000e+00
40 1 0.000000000000000e+00
40 2 0.000000000000000e+00
41 0 0.000000000000000e+00
41 1 0.000000000000000e+00
41 2 0.000000000000000e+00
42 0 0.000000000000000e+00
42 1 0.000000000000000e+00
42 2 0.000000000000000e+00
43 0 0.000000000000000e+00
43 1 0.000000000000000e+00
43 2 0.000000000000000e+00
44 0 0.000000000000000e+00
44 1 0.000000000000000e+00
44 2 0.000000000000000e+00
45 0 0.000000000000000e+00
45 1 0.000000000000000e+00
45 2 0.000000000000000e+00
46 0 0.000000000000000e+00
46 1 0.000000000000000e+00
46 2 0.000000000000000e+00
47 0 0.000000000000000e+00
47 1 0.000000000000000e+00
47 2 0.000000000000000e+00
48 0 0.000000000000000e+00
48 1 0.000000000000000e+00
48 2 0.000000000000000e+00
49 0 0.000000000000000e+00
49 1 0.000000000000000e+00
49 2 0.000000000000000e+00
50 0 0.000000000000000e+00
50 1 0.000000000000000e+00
50 2 0.000000000000000e+00
51 0 0.000000000000000e+00
51 1 0.000000000000000e+00
51 2 0.000000000000000e+00
52 0 0.000000000000000e+00
52 1 0.000000000000000e+00
52 2 0.000000000000000e+00
53 0 0.000000000000000e+00
53 1 0.000000000000000e+00
53 2 0.000000000000000e+00
54 0 0.000000000000000e+00
54 1 0.000000000000000e+00
54 2 0.000000000000000e+00
55 0 0.000000000000000e+00
55 1 0.000000000000000e+00
55 2 0.000000000000000e+00
56 0 0.000000000000000e+00
56 1 0.000000000000000e+00
56 2 0.000000000000000e+00
57 0 0.000000000000000e+00
57 1 0.000000000000000e+00
57 2 0.000000000000000e+00
58 0 0.000000000000000e+00
58 1 0.000000000000000e+00
58 2 0.000000000000000e+00
59 0 0.000000000000000e+00
59 1 0.000000000000000e+00
59 2 0.000000000000000e+00
60 0 0.000000000000000e+00
60 1 0.000000000000000e+00
60 2 0.000000000000000e+00
61 0 0.000000000000000e+00
61 1 0.000000000000000e+00
61 2 0.000000000000000e+00
62 0 0.000000000000000e+00
62 1 0.000000000000000e+00
62 2 0.000000000000000e+00
63 0 0.000000000000000e+00
63 1 0.000000000000000e+00
63 2 0.000000000000000e+00
64 0 0.000000000000000e+00
64 1 0.000000000000000e+00
64 2 0.000000000000000e+00
65 0 0.000000000000000e+00
65 1 0.000000000000000e+00
65 2 0.000000000000000e+00
66 0 0.000000000000000e+00
66 1 0.000000000000000e+00
66 2 0.000000000000000e+00
67 0 0.000000000000000e+00
67 1 0.000000000000000e+00
67 2 0.000000000000000e+00
68 0 0.000000000000000e+00
68 1 0.000000000000000e+00
68 2 0.000000000000000e+00
69 0 0.000000000000000e+00
69 1 0.000000000000000e+00
69 2 0.000000000000000e+00
70 0 0.000000000000000e+00
70 1 0.000000000000000e+00
70 2 0.000000000000000e+00
71 0 0.000000000000000e+00
71 1 0.000000000000000e+00
71 2 0.000000000000000e+00
72 0 0.000000000000000e+00
72 1 0.000000000000000e+00
72 2 0.000000000000000e+00
73 0 0.000000000000000e+00
73 1 0.000000000000000e+00
73 2 0.000000000000000e+00
74 0 0.000000000000000e+00
74 1 0.000000000000000e+00
74 2 0.000000000000000e+00
75 0 0.000000000000000e+00
75 1 0.000000000000000e+00
75 2 0.000000000000000e+00
76 0 0.000000000000000e+00
76 1 0.000000000000000e+00
76 2 0.000000000000000e+00
77 0 0.000000000000000e+00
77 1 0.000000000000000e+00
77 2 0.000000000000000e+00
78 0 0.000000000000000e+00
78 1 0.000000000000000e+00
78 2 0.000000000000000e+00
79 0 0.000000000000000e+00
79 1 0.000000000000000e+00
79 2 0.000000000000000e+00
80 0 0.000000000000000e+00
80 1 0.000000000000000e+00
80 2 0.000000000000000e+00
81 0 0.000000000000000e+00
81 1 0.000000000000000e+00
81 2 0.000000000000000e+00
82 0 0.000000000000000e+00
82 1 0.000000000000000e+00
82 2 0.000000000000000e+00
83 0 0.000000000000000e+00
83 1 0.000000000000000e+00
83 2 0.000000000000000e+00
84 0 0.000000000000000e+00
84 1 0.000000000000000e+00
84 2 0.000000000000000e+00
85 0 0.000000000000000e+00
85 1 0.000000000000000e+00
85 2 0.000000000000000e+00
86 0 0.000000000000000e+00
86 1 0.000000000000000e+00
86 2 0.000000000000000e+00
87 0 0.000000000000000e+00
87 1 0.000000000000000e+00
87 2 0.000000000000000e+00
88 0 0.000000000000000e+00
88 1 0.000000000000000e+00
88 2 0.000000000000000e+00
89 0 0.000000000000000e+00
89 1 0.000000000000000e+00
89 2 0.000000000000000e+00
90 0 0.000000000000000e+00
90 1 0.000000000000000e+00
90 2 0.000000000000000e+00
91 0 0.000000000000000e+00
91 1 0.000000000000000e+00
91 2 0.000000000000000e+00
92 0 0.000000000000000e+00
92 1 0.000000000000000e+00
92 2 0.000000000000000e+00
93 0 0.000000000000000e+00
93 1 0.000000000000000e+00
93 2 0.000000000000000e+00
94 0 0.000000000000000e+00
94 1 0.000000000000000e+00
94 2 0.000000000000000e+00
95 0 0.000000000000000e+00
95 1 0.000000000000000e+00
95 2 0.000000000000000e+00
96 0 0.000000000000000e+00
96 1 0.000000000000000e+00
96 2 0.000000000000000e+00
97 0 0.000000000000000e+00
97 1 0.000000000000000e+00
97 2 0.000000000000000e+00
98 0 0.000000000000000e+00
98 1 0.000000000000000e+00
98 2 0.000000000000000e+00
99 0 0.000000000000000e+00
99 1 0.000000000000000e+00
99 2 0.000000000000000e+00
100 0 0.000000000000000e+00
100 1 0.000000000000000e+00
100 2 0.000000000000000e+00
101 0 0.000000000000000e+00
101 1 0.000000000000000e+00
101 2 0.000000000000000e+00
102 0 0.000000000000000e+00
102 1 0.000000000000000e+00
102 2 0.000000000000000e+00
103 0 0.000000000000000e+00
103 1 0.000000000000000e+00
103 2 0.000000000000000e+00
104 0 0.000000000000000e+00
104 1 0.000000000000000e+00
104 2 0.000000000000000e+00
105 0 0.000000000000000e+00
105 1 0.000000000000000e+00
105 2 0.000000000000000e+00
106 0 0.000000000000000e+00
106 1 0.000000000000000e+00
106 2 0.000000000000000e+00
107 0 0.000000000000000e+00
107 1 0.000000000000000e+00
107 2 0.000000000000000e+00
108 0 0.000000000000000e+00
108 1 0.000000000000000e+00
108 2 0.000000000000000e+00
109 0 0.000000000000000e+00
109 1 0.000000000000000e+00
109 2 0.000000000000000e+00
110 0 0.000000000000000e+00
110 1 0.000000000000000e+00
110 2 0.000000000000000e+00
111 0 0.000000000000000e+00
111 1 0.000000000000000e+00
111 2 0.000000000000000e+00
112 0 0.000000000000000e+00
112 1 0.000000000000000e+00
112 2 0.000000000000000e+00
113 0 0.000000000000000e+00
113 1 0.000000000000000e+00
113 2 0.000000000000000e+00
114 0 0.000000000000000e+00
114 1 0.000000000000000e+00
114 2 0.000000000000000e+00
115 0 0.000000000000000e+00
115 1 0.000000000000000e+00
115 2 0.000000000000000e+00
116 0 0.000000000000000e+00
116 1 0.000000000000000e+00
116 2 0.000000000000000e+00
117 0 0.000000000000000e+00
117 1 0.000000000000000e+00
117 2 0.000000000000000e+00
118 0 0.000000000000000e+00
118 1 0.000000000000000e+00
118 2 0.000000000000000e+00
119 0 0.000000000000000e+00
119 1 0.000000000000000e+00
119 2 0.000000000000000e+00
120 0 0.000000000000000e+00
120 1 0.000000000000000e+00
120 2 0.000000000000000e+00
121 0 0.000000000000000e+00
121 1 0.000000000000000e+00
121 2 0.000000000000000e+00
122 0 0.000000000000000e+00
122 1 0.000000000000000e+00
122 2 0.000000000000000e+00
123 0 0.000000000000000e+00
123 1 0.000000000000000e+00
123 2 0.000000000000000e+00
124 0 0.000000000000000e+00
124 1 0.000000000000000e+00
124 2 0.000000000000000e+00
125 0 0.000000000000000e+00
125 1 0.000000000000000e+00
125 2 0.000000000000000e+00
126 0 0.000000000000000e+00
126 1 0.000000000000000e+00
126 2 0.000000000000000e+00
127 0 0.000000000000000e+00
127 1 0.000000000000000e+00
127 2 0.000000000000000e+00
128 0 0.000000000000000e+00
128 1 0.000000000000000e+00
128 2 0.000000000000000e+00
129 0 0.000000000000000e+00
129 1 0.000000000000000e+00
129 2 0.000000000000000e+00
130 0 0.000000000000000e+00
130 1 0.000000000000000e+00
130 2 0.000000000000000e+00
131 0 0.000000000000000e+00
131 1 0.000000000000000e+00
131 2 0.000000000000000e+00
132 0 0.000000000000000e+00
132 1 0.000000000000000e+00
132 2 0.000000000000000e+00
133 0 0.000000000000000e+00
133 1 0.000000000000000e+00
133 2 0.000000000000000e+00
134 0 0.000000000000000e+00
134 1 0.000000000000000e+00
134 2 0.000000000000000e+00
135 0 0.000000000000000e+00
135 1 0.000000000000000e+00
135 2 0.000000000000000e+00
136 0 0.000000000000000e+00
136 1 0.000000000000000e+00
136 2 0.000000000000000e+00
137 0 0.000000000000000e+00
137 1 0.000000000000000e+00
137 2 0.000000000000000e+00
138 0 0.000000000000000e+00
138 1 0.000000000000000e+00
138 2 0.000000000000000e+00
139 0 0.000000000000000e+00
139 1 0.000000000000000e+00
139 2 0.000000000000000e+00
140 0 0.000000000000000e+00
140 1 0.000000000000000e+00
140 2 0.000000000000000e+00
141 0 0.000000000000000e+00
141 1 0.000000000000000e+00
141 2 0.000000000000000e+00
142 0 0.000000000000000e+00
142 1 0.000000000000000e+00
142 2 0.000000000000000e+00
143 0 0.000000000000000e+00
143 1 0.000000000000000e+00
143 2 0.000000000000000e+00
144 0 0.000000000000000e+00
144 1 0.000000000000000e+00
144 2 0.000000000000000e+00
145 0 0.000000000000000e+00
145 1 0.000000000000000e+00
145 2 0.000000000000000e+00
146 0 0.000000000000000e+00
146 1 0.000000000000000e+00
146 2 0.000000000000000e+00
147 0 0.000000000000000e+00
147 1 0.000000000000000e+00
147 2 0.000000000000000e+00
148 0 0.000000000000000e+00
148 1 0.000000000000000e+00
148 2 0.000000000000000e+00
149 0 0.000000000000000e+00
149 1 0.000000000000000e+00
149 2 0.000000000000000e+00
150 0 0.000000000000000e+00
150 1 0.000000000000000e+00
150 2 0.000000000000000e+00
151 0 0.000000000000000e+00
151 1 0.000000000000000e+00
151 2 0.000000000000000e+00
152 0 0.000000000000000e+00
152 1 0.000000000000000e+00
152 2 0.000000000000000e+00
153 0 0.000000000000000e+00
153 1 0.000000000000000e+00
153 2 0.000000000000000e+00
154 0 0.000000000000000e+00
154 1 0.000000000000000e+00
154 2 0.000000000000000e+00
155 0 0.000000000000000e+00
155 1 0.000000000000000e+00
155 2 0.000000000000000e+00
156 0 0.000000000000000e+00
156 1 0.000000000000000e+00
156 2 0.000000000000000e+00
157 0 0.000000000000000e+00
157 1 0.000000000000000e+00
157 2 0.000000000000000e+00
158 0 0.000000000000000e+00
158 1 0.000000000000000e+00
158 2 0.000000000000000e+00
159 0 0.000000000000000e+00
159 1 0.000000000000000e+00
159 2 0.000000000000000e+00
160 0 0.000000000000000e+00
160 1 0.000000000000000e+00
160 2 0.000000000000000e+00
161 0 0.000000000000000e+00
161 1 0.000000000000000e+00
161 2 0.000000000000000e+00
162 0 0.000000000000000e+00
162 1 0.000000000000000e+00
162 2 0.000000000000000e+00
163 0 0.000000000000000e+00
163 1 0.000000000000000e+00
163 2 0.000000000000000e+00
164 0 0.000000000000000e+00
164 1 0.000000000000000e+00
164 2 0.000000000000000e+00
165 0 0.000000000000000e+00
165 1 0.000000000000000e+00
165 2 0.000000000000000e+00
166 0 0.000000000000000e+00
166 1 0.000000000000000e+00
166 2 0.000000000000000e+00
167 0 0.000000000000000e+00
167 1 0.000000000000000e+00
167 2 0.000000000000000e+00
168 0 0.000000000000000e+00
168 1 0.000000000000000e+00
168 2 0.000000000000000e+00
169 0 0.000000000000000e+00
169 1 0.000000000000000e+00
169 2 0.000000000000000e+00
170 0 0.000000000000000e+00
170 1 0.000000000000000e+00
170 2 0.000000000000000e+00
171 0 0.000000000000000e+00
171 1 0.000000000000000e+00
171 2 0.000000000000000e+00
172 0 0.000000000000000e+00
172 1 0.000000000000000e+00
172 2 0.000000000000000e+00
173 0 0.000000000000000e+00
173 1 0.000000000000000e+00
173 2 0.000000000000000e+00
174 0 0.000000000000000e+00
174 1 0.000000000000000e+00
174 2 0.000000000000000e+00
175 0 0.000000000000000e+00
175 1 0.000000000000000e+00
175 2 0.000000000000000e+00
176 0 0.000000000000000e+00
176 1 0.000000000000000e+00
176 2 0.000000000000000e+00
177 0 0.000000000000000e+00
177 1 0.000000000000000e+00
177 2 0.000000000000000e+00
178 0 0.000000000000000e+00
178 1 0.000000000000000e+00
178 2 0.000000000000000e+00
179 0 0.000000000000000e+00
179 1 0.000000000000000e+00
179 2 0.000000000000000e+00
180 0 0.000000000000000e+00
180 1 0.000000000000000e+00
180 2 0.000000000000000e+00
181 0 0.000000000000000e+00
181 1 0.000000000000000e+00
181 2 0.000000000000000e+00
182 0 0.000000000000000e+00
182 1 0.000000000000000e+00
182 2 0.000000000000000e+00
183 0 0.000000000000000e+00
183 1 0.000000000000000e+00
183 2 0.000000000000000e+00
184 0 0.000000000000000e+00
184 1 0.000000000000000e+00
184 2 0.000000000000000e+00
185 0 0.000000000000000e+00
185 1 0.000000000000000e+00
185 2 0.000000000000000e+00
186 0 0.000000000000000e+00
186 1 0.000000000000000e+00
186 2 0.000000000000000e+00
187 0 0.000000000000000e+00
187 1 0.000000000000000e+00
187 2 0.000000000000000e+00
188 0 0.000000000000000e+00
188 1 0.000000000000000e+00
188 2 0.000000000000000e+00
189 0 0.000000000000000e+00
189 1 0.000000000000000e+00
189 2 0.000000000000000e+00
190 0 0.000000000000000e+00
190 1 0.000000000000000e+00
190 2 0.000000000000000e+00
191 0 0.000000000000000e+00
191 1 0.000000000000000e+00
191 2 0.000000000000000e+00
192 0 0.000000000000000e+00
192 1 0.000000000000000e+00
192 2 0.000000000000000e+00
193 0 0.000000000000000e+00
193 1 0.000000000000000e+00
193 2 0.000000000000000e+00
194 0 0.000000000000000e+00
194 1 0.000000000000000e+00
194 2 0.000000000000000e+00
195 0 0.000000000000000e+00
195 1 0.000000000000000e+00
195 2 0.000000000000000e+00
196 0 0.000000000000000e+00
196 1 0.000000000000000e+00
196 2 0.000000000000000e+00
197 0 0.000000000000000e+00
197 1 0.000000000000000e+00
197 2 0.000000000000000e+00
198 0 0.000000000000000e+00
198 1 0.000000000000000e+00
198 2 0.000000000000000e+00
199 0 0.000000000000000e+00
199 1 0.000000000000000e+00
199 2 0.000000000000000e+00
200 0 0.000000000000000e+00
200 1 0.000000000000000e+00
200 2 0.000000000000000e+00
201 0 0.000000000000000e+00
201 1 0.000000000000000e+00
201 2 0.000000000000000e+00
202 0 0.000000000000000e+00
202 1 0.000000000000000e+00
202 2 0.000000000000000e+00
203 0 0.000000000000000e+00
203 1 0.000000000000000e+00
203 2 0.000000000000000e+00
204 0 0.000000000000000e+00
204 1 0.000000000000000e+00
204 2 0.000000000000000e+00
205 0 0.000000000000000e+00
205 1 0.000000000000000e+00
205 2 0.000000000000000e+00
206 0 0.000000000000000e+00
206 1 0.000000000000000e+00
206 2 0.000000000000000e+00
207 0 0.000000000000000e+00
207 1 0.000000000000000e+00
207 2 0.000000000000000e+00
208 0 0.000000000000000e+00
208 1 0.000000000000000e+00
208 2 0.000000000000000e+00
209 0 0.000000000000000e+00
209 1 0.000000000000000e+00
209 2 0.000000000000000e+00
210 0 0.000000000000000e+00
210 1 0.000000000000000e+00
210 2 0.000000000000000e+00
211 0 0.000000000000000e+00
211 1 0.000000000000000e+00
211 2 0.000000000000000e+00
212 0 0.000000000000000e+00
212 1 0.000000000000000e+00
212 2 0.000000000000000e+00
213 0 0.000000000000000e+00
213 1 0.000000000000000e+00
213 2 0.000000000000000e+00
214 0 0.000000000000000e+00
214 1 0.000000000000000e+00
214 2 0.000000000000000e+00
215 0 0.000000000000000e+00
215 1 0.000000000000000e+00
215 2 0.000000000000000e+00
2555 0 0.000000000000000e+00
2555 1 0.000000000000000e+00
2555 2 0.000000000000000e+00
2556 0 0.000000000000000e+00
2556 1 0.000000000000000e+00
2556 2 0.000000000000000e+00
2557 0 0.000000000000000e+00
2557 1 0.000000000000000e+00
2557 2 0.000000000000000e+00
2558 0 0.000000000000000e+00
2558 1 0.000000000000000e+00
2558 2 0.000000000000000e+00
2559 0 0.000000000000000e+00
2559 1 0.000000000000000e+00
2559 2 0.000000000000000e+00
2560 0 0.000000000000000e+00
2560 1 0.000000000000000e+00
2560 2 0.000000000000000e+00
2561 0 0.000000000000000e+00
2561 1 0.000000000000000e+00
2561 2 0.000000000000000e+00
2562 0 0.000000000000000e+00
2562 1 0.000000000000000e+00
2562 2 0.000000000000000e+00
2563 0 0.000000000000000e+00
2563 1 0.000000000000000e+00
2563 2 0.000000000000000e+00
2564 0 0.000000000000000e+00
2564 1 0.000000000000000e+00
2564 2 0.000000000000000e+00
2565 0 0.000000000000000e+00
2565 1 0.000000000000000e+00
2565 2 0.000000000000000e+00
2566 0 0.000000000000000e+00
2566 1 0.000000000000000e+00
2566 2 0.000000000000000e+00
2567 0 0.000000000000000e+00
2567 1 0.000000000000000e+00
2567 2 0.000000000000000e+00
2568 0 0.000000000000000e+00
2568 1 0.000000000000000e+00
2568 2 0.000000000000000e+00
2569 0 0.000000000000000e+00
2569 1 0.000000000000000e+00
2569 2 0.000000000000000e+00
2570 0 0.000000000000000e+00
2570 1 0.000000000000000e+00
2570 2 0.000000000000000e+00
2571 0 0.000000000000000e+00
2571 1 0.000000000000000e+00
2571 2 0.000000000000000e+00
2572 0 0.000000000000000e+00
2572 1 0.000000000000000e+00
2572 2 0.000000000000000e+00
2573 0 0.000000000000000e+00
2573 1 0.000000000000000e+00
2573 2 0.000000000000000e+00
2574 0 0.000000000000000e+00
2574 1 0.000000000000000e+00
2574 2 0.000000000000000e+00
2575 0 0.000000000000000e+00
2575 1 0.000000000000000e+00
2575 2 0.000000000000000e+00
2576 0 0.000000000000000e+00
2576 1 0.000000000000000e+00
2576 2 0.000000000000000e+00
2577 0 0.000000000000000e+00
2577 1 0.000000000000000e+00
2577 2 0.000000000000000e+00
2578 0 0.000000000000000e+00
2578 1 0.000000000000000e+00
2578 2 0.000000000000000e+00
2579 0 0.000000000000000e+00
2579 1 0.000000000000000e+00
2579 2 0.000000000000000e+00
2580 0 0.000000000000000e+00
2580 1 0.000000000000000e+00
2580 2 0.000000000000000e+00
2581 0 0.000000000000000e+00
2581 1 0.000000000000000e+00
2581 2 0.000000000000000e+00
2582 0 0.000000000000000e+00
2582 1 0.000000000000000e+00
2582 2 0.000000000000000e+00
2583 0 0.000000000000000e+00
2583 1 0.000000000000000e+00
2583 2 0.000000000000000e+00
2692 0 0.000000000000000e+00
2692 1 0.000000000000000e+00
2692 2 0.000000000000000e+00
2693 0 0.000000000000000e+00
2693 1 0.000000000000000e+00
2693 2 0.000000000000000e+00
2694 0 0.000000000000000e+00
2694 1 0.000000000000000e+00
2694 2 0.000000000000000e+00
2695 0 0.000000000000000e+00
2695 1 0.000000000000000e+00
2695 2 0.000000000000000e+00
2696 0 0.000000000000000e+00
2696 1 0.000000000000000e+00
2696 2 0.000000000000000e+00
2697 0 0.000000000000000e+00
2697 1 0.000000000000000e+00
2697 2 0.000000000000000e+00
2698 0 0.000000000000000e+00
2698 1 0.000000000000000e+00
2698 2 0.000000000000000e+00
2699 0 0.000000000000000e+00
2699 1 0.000000000000000e+00
2699 2 0.000000000000000e+00
2700 0 0.000000000000000e+00
2700 1 0.000000000000000e+00
2700 2 0.000000000000000e+00
2701 0 0.000000000000000e+00
2701 1 0.000000000000000e+00
2701 2 0.000000000000000e+00
2702 0 0.000000000000000e+00
2702 1 0.000000000000000e+00
2702 2 0.000000000000000e+00
2703 0 0.000000000000000e+00
2703 1 0.000000000000000e+00
2703 2 0.000000000000000e+00
2704 0 0.000000000000000e+00
2704 1 0.000000000000000e+00
2704 2 0.000000000000000e+00
2705 0 0.000000000000000e+00
2705 1 0.000000000000000e+00
2705 2 0.000000000000000e+00
2706 0 0.000000000000000e+00
2706 1 0.000000000000000e+00
2706 2 0.000000000000000e+00
2707 0 0.000000000000000e+00
2707 1 0.000000000000000e+00
2707 2 0.000000000000000e+00
2708 0 0.000000000000000e+00
2708 1 0.000000000000000e+00
2708 2 0.000000000000000e+00
2709 0 0.000000000000000e+00
2709 1 0.000000000000000e+00
2709 2 0.000000000000000e+00
2710 0 0.000000000000000e+00
2710 1 0.000000000000000e+00
2710 2 0.000000000000000e+00
2711 0 0.000000000000000e+00
2711 1 0.000000000000000e+00
2711 2 0.000000000000000e+00
2712 0 0.000000000000000e+00
2712 1 0.000000000000000e+00
2712 2 0.000000000000000e+00
2713 0 0.000000000000000e+00
2713 1 0.000000000000000e+00
2713 2 0.000000000000000e+00
2714 0 0.000000000000000e+00
2714 1 0.000000000000000e+00
2714 2 0.000000000000000e+00
2715 0 0.000000000000000e+00
2715 1 0.000000000000000e+00
2715 2 0.000000000000000e+00
2716 0 0.000000000000000e+00
2716 1 0.000000000000000e+00
2716 2 0.000000000000000e+00
2717 0 0.000000000000000e+00
2717 1 0.000000000000000e+00
2717 2 0.000000000000000e+00
2718 0 0.000000000000000e+00
2718 1 0.000000000000000e+00
2718 2 0.000000000000000e+00
2719 0 0.000000000000000e+00
2719 1 0.000000000000000e+00
2719 2 0.000000000000000e+00
2720 0 0.000000000000000e+00
2720 1 0.000000000000000e+00
2720 2 0.000000000000000e+00
2721 0 0.000000000000000e+00
2721 1 0.000000000000000e+00
2721 2 0.000000000000000e+00
2722 0 0.000000000000000e+00
2722 1 0.000000000000000e+00
2722 2 0.000000000000000e+00
2723 0 0.000000000000000e+00
2723 1 0.000000000000000e+00
2723 2 0.000000000000000e+00
2724 0 0.000000000000000e+00
2724 1 0.000000000000000e+00
2724 2 0.000000000000000e+00
2725 0 0.000000000000000e+00
2725 1 0.000000000000000e+00
2725 2 0.000000000000000e+00
2726 0 0.000000000000000e+00
2726 1 0.000000000000000e+00
2726 2 0.000000000000000e+00
2727 0 0.000000000000000e+00
2727 1 0.000000000000000e+00
2727 2 0.000000000000000e+00
2728 0 0.000000000000000e+00
2728 1 0.000000000000000e+00
2728 2 0.000000000000000e+00
2729 0 0.000000000000000e+00
2729 1 0.000000000000000e+00
2729 2 0.000000000000000e+00
2730 0 0.000000000000000e+00
2730 1 0.000000000000000e+00
2730 2 0.000000000000000e+00
2731 0 0.000000000000000e+00
2731 1 0.000000000000000e+00
2731 2 0.000000000000000e+00
2732 0 0.000000000000000e+00
2732 1 0.000000000000000e+00
2732 2 0.000000000000000e+00
2733 0 0.000000000000000e+00
2733 1 0.000000000000000e+00
2733 2 0.000000000000000e+00
2734 0 0.000000000000000e+00
2734 1 0.000000000000000e+00
2734 2 0.000000000000000e+00
2735 0 0.000000000000000e+00
2735 1 0.000000000000000e+00
2735 2 0.000000000000000e+00
2736 0 0.000000000000000e+00
2736 1 0.000000000000000e+00
2736 2 0.000000000000000e+00
2737 0 0.000000000000000e+00
2737 1 0.000000000000000e+00
2737 2 0.000000000000000e+00
2738 0 0.000000000000000e+00
2738 1 0.000000000000000e+00
2738 2 0.000000000000000e+00
2739 0 0.000000000000000e+00
2739 1 0.000000000000000e+00
2739 2 0.000000000000000e+00
2740 0 0.000000000000000e+00
2740 1 0.000000000000000e+00
2740 2 0.000000000000000e+00
2741 0 0.000000000000000e+00
2741 1 0.000000000000000e+00
2741 2 0.000000000000000e+00
2742 0 0.000000000000000e+00
2742 1 0.000000000000000e+00
2742 2 0.000000000000000e+00
2743 0 0.000000000000000e+00
2743 1 0.000000000000000e+00
2743 2 0.000000000000000e+00
2744 0 0.000000000000000e+00
2744 1 0.000000000000000e+00
2744 2 0.000000000000000e+00
2745 0 0.000000000000000e+00
2745 1 0.000000000000000e+00
2745 2 0.000000000000000e+00
2746 0 0.000000000000000e+00
2746 1 0.000000000000000e+00
2746 2 0.000000000000000e+00
2747 0 0.000000000000000e+00
2747 1 0.000000000000000e+00
2747 2 0.000000000000000e+00
2748 0 0.000000000000000e+00
2748 1 0.000000000000000e+00
2748 2 0.000000000000000e+00
2749 0 0.000000000000000e+00
2749 1 0.000000000000000e+00
2749 2 0.000000000000000e+00
2750 0 0.000000000000000e+00
2750 1 0.000000000000000e+00
2750 2 0.000000000000000e+00
2829 0 0.000000000000000e+00
2829 1 0.000000000000000e+00
2829 2 0.000000000000000e+00
2830 0 0.000000000000000e+00
2830 1 0.000000000000000e+00
2830 2 0.000000000000000e+00
2831 0 0.000000000000000e+00
2831 1 0.000000000000000e+00
2831 2 0.000000000000000e+00
2832 0 0.000000000000000e+00
2832 1 0.000000000000000e+00
2832 2 0.000000000000000e+00
2833 0 0.000000000000000e+00
2833 1 0.000000000000000e+00
2833 2 0.000000000000000e+00
2834 0 0.000000000000000e+00
2834 1 0.000000000000000e+00
2834 2 0.000000000000000e+00
2835 0 0.000000000000000e+00
2835 1 0.000000000000000e+00
2835 2 0.000000000000000e+00
2836 0 0.000000000000000e+00
2836 1 0.000000000000000e+00
2836 2 0.000000000000000e+00
2837 0 0.000000000000000e+00
2837 1 0.000000000000000e+00
2837 2 0.000000000000000e+00
2838 0 0.000000000000000e+00
2838 1 0.000000000000000e+00
2838 2 0.000000000000000e+00
2839 0 0.000000000000000e+00
2839 1 0.000000000000000e+00
2839 2 0.000000000000000e+00
2840 0 0.000000000000000e+00
2840 1 0.000000000000000e+00
2840 2 0.000000000000000e+00
2841 0 0.000000000000000e+00
2841 1 0.000000000000000e+00
2841 2 0.000000000000000e+00
2842 0 0.000000000000000e+00
2842 1 0.000000000000000e+00
2842 2 0.000000000000000e+00
2843 0 0.000000000000000e+00
2843 1 0.000000000000000e+00
2843 2 0.000000000000000e+00
2844 0 0.000000000000000e+00
2844 1 0.000000000000000e+00
2844 2 0.000000000000000e+00
2845 0 0.000000000000000e+00
2845 1 0.000000000000000e+00
2845 2 0.000000000000000e+00
2846 0 0.000000000000000e+00
2846 1 0.000000000000000e+00
2846 2 0.000000000000000e+00
2847 0 0.000000000000000e+00
2847 1 0.000000000000000e+00
2847 2 0.000000000000000e+00
2848 0 0.000000000000000e+00
2848 1 0.000000000000000e+00
2848 2 0.000000000000000e+00
2849 0 0.000000000000000e+00
2849 1 0.000000000000000e+00
2849 2 0.000000000000000e+00
2850 0 0.000000000000000e+00
2850 1 0.000000000000000e+00
2850 2 0.000000000000000e+00
2851 0 0.000000000000000e+00
2851 1 0.000000000000000e+00
2851 2 0.000000000000000e+00
2852 0 0.000000000000000e+00
2852 1 0.000000000000000e+00
2852 2 0.000000000000000e+00
2853 0 0.000000000000000e+00
2853 1 0.000000000000000e+00
2853 2 0.000000000000000e+00
2854 0 0.000000000000000e+00
2854 1 0.000000000000000e+00
2854 2 0.000000000000000e+00
2855 0 0.000000000000000e+00
2855 1 0.000000000000000e+00
2855 2 0.000000000000000e+00
2856 0 0.000000000000000e+00
2856 1 0.000000000000000e+00
2856 2 0.000000000000000e+00
2857 0 0.000000000000000e+00
2857 1 0.000000000000000e+00
2857 2 0.000000000000000e+00
2858 0 0.000000000000000e+00
2858 1 0.000000000000000e+00
2858 2 0.000000000000000e+00
2859 0 0.000000000000000e+00
2859 1 0.000000000000000e+00
2859 2 0.000000000000000e+00
2860 0 0.000000000000000e+00
2860 1 0.000000000000000e+00
2860 2 0.000000000000000e+00
2861 0 0.000000000000000e+00
2861 1 0.000000000000000e+00
2861 2 0.000000000000000e+00
2862 0 0.000000000000000e+00
2862 1 0.000000000000000e+00
2862 2 0.000000000000000e+00
2863 0 0.000000000000000e+00
2863 1 0.000000000000000e+00
2863 2 0.000000000000000e+00
2864 0 0.000000000000000e+00
2864 1 0.000000000000000e+00
2864 2 0.000000000000000e+00
2865 0 0.000000000000000e+00
2865 1 0.000000000000000e+00
2865 2 0.000000000000000e+00
2866 0 0.000000000000000e+00
2866 1 0.000000000000000e+00
2866 2 0.000000000000000e+00
2867 0 0.000000000000000e+00
2867 1 0.000000000000000e+00
2867 2 0.000000000000000e+00
2868 0 0.000000000000000e+00
2868 1 0.000000000000000e+00
2868 2 0.000000000000000e+00
2869 0 0.000000000000000e+00
2869 1 0.000000000000000e+00
2869 2 0.000000000000000e+00
2870 0 0.000000000000000e+00
2870 1 0.000000000000000e+00
2870 2 0.000000000000000e+00
2871 0 0.000000000000000e+00
2871 1 0.000000000000000e+00
2871 2 0.000000000000000e+00
2872 0 0.000000000000000e+00
2872 1 0.000000000000000e+00
2872 2 0.000000000000000e+00
2873 0 0.000000000000000e+00
2873 1 0.000000000000000e+00
2873 2 0.000000000000000e+00
2874 0 0.000000000000000e+00
2874 1 0.000000000000000e+00
2874 2 0.000000000000000e+00
2875 0 0.000000000000000e+00
2875 1 0.000000000000000e+00
2875 2 0.000000000000000e+00
2876 0 0.000000000000000e+00
2876 1 0.000000000000000e+00
2876 2 0.000000000000000e+00
2877 0 0.000000000000000e+00
2877 1 0.000000000000000e+00
2877 2 0.000000000000000e+00
2878 0 0.000000000000000e+00
2878 1 0.000000000000000e+00
2878 2 0.000000000000000e+00
2879 0 0.000000000000000e+00
2879 1 0.000000000000000e+00
2879 2 0.000000000000000e+00
2880 0 0.000000000000000e+00
2880 1 0.000000000000000e+00
2880 2 0.000000000000000e+00
2881 0 0.000000000000000e+00
2881 1 0.000000000000000e+00
2881 2 0.000000000000000e+00
2882 0 0.000000000000000e+00
2882 1 0.000000000000000e+00
2882 2 0.000000000000000e+00
2883 0 0.000000000000000e+00
2883 1 0.000000000000000e+00
2883 2 0.000000000000000e+00
2884 0 0.000000000000000e+00
2884 1 0.000000000000000e+00
2884 2 0.000000000000000e+00
2885 0 0.000000000000000e+00
2885 1 0.000000000000000e+00
2885 2 0.000000000000000e+00
2886 0 0.000000000000000e+00
2886 1 0.000000000000000e+00
2886 2 0.000000000000000e+00
2887 0 0.000000000000000e+00
2887 1 0.000000000000000e+00
2887 2 0.000000000000000e+00
2888 0 0.000000000000000e+00
2888 1 0.000000000000000e+00
2888 2 0.000000000000000e+00
2889 0 0.000000000000000e+00
2889 1 0.000000000000000e+00
2889 2 0.000000000000000e+00
2890 0 0.000000000000000e+00
2890 1 0.000000000000000e+00
2890 2 0.000000000000000e+00
2891 0 0.000000000000000e+00
2891 1 0.000000000000000e+00
2891 2 0.000000000000000e+00
2892 0 0.000000000000000e+00
2892 1 0.000000000000000e+00
2892 2 0.000000000000000e+00
2893 0 0.000000000000000e+00
2893 1 0.000000000000000e+00
2893 2 0.000000000000000e+00
2894 0 0.000000000000000e+00
2894 1 0.000000000000000e+00
2894 2 0.000000000000000e+00
2895 0 0.000000000000000e+00
2895 1 0.000000000000000e+00
2895 2 0.000000000000000e+00
2896 0 0.000000000000000e+00
2896 1 0.000000000000000e+00
2896 2 0.000000000000000e+00
2897 0 0.000000000000000e+00
2897 1 0.000000000000000e+00
2897 2 0.000000000000000e+00
2898 0 0.000000000000000e+00
2898 1 0.000000000000000e+00
2898 2 0.000000000000000e+00
2899 0 0.000000000000000e+00
2899 1 0.000000000000000e+00
2899 2 0.000000000000000e+00
2900 0 0.000000000000000e+00
2900 1 0.000000000000000e+00
2900 2 0.000000000000000e+00
2901 0 0.000000000000000e+00
2901 1 0.000000000000000e+00
2901 2 0.000000000000000e+00
2902 0 0.000000000000000e+00
2902 1 0.000000000000000e+00
2902 2 0.000000000000000e+00
2903 0 0.000000000000000e+00
2903 1 0.000000000000000e+00
2903 2 0.000000000000000e+00
2904 0 0.000000000000000e+00
2904 1 0.000000000000000e+00
2904 2 0.000000000000000e+00
2905 0 0.000000000000000e+00
2905 1 0.000000000000000e+00
2905 2 0.000000000000000e+00
2906 0 0.000000000000000e+00
2906 1 0.000000000000000e+00
2906 2 0.000000000000000e+00
2907 0 0.000000000000000e+00
2907 1 0.000000000000000e+00
2907 2 0.000000000000000e+00
2908 0 0.000000000000000e+00
2908 1 0.000000000000000e+00
2908 2 0.000000000000000e+00
2909 0 0.000000000000000e+00
2909 1 0.000000000000000e+00
2909 2 0.000000000000000e+00
2910 0 0.000000000000000e+00
2910 1 0.000000000000000e+00
2910 2 0.000000000000000e+00
2911 0 0.000000000000000e+00
2911 1 0.000000000000000e+00
2911 2 0.000000000000000e+00
2912 0 0.000000000000000e+00
2912 1 0.000000000000000e+00
2912 2 0.000000000000000e+00
2913 0 0.000000000000000e+00
2913 1 0.000000000000000e+00
2913 2 0.000000000000000e+00
2914 0 0.000000000000000e+00
2914 1 0.000000000000000e+00
2914 2 0.000000000000000e+00
2915 0 0.000000000000000e+00
2915 1 0.000000000000000e+00
2915 2 0.000000000000000e+00
2916 0 0.000000000000000e+00
2916 1 0.000000000000000e+00
2916 2 0.000000000000000e+00
