602 3
9 1 0.000000
10 1 0.000000
12 1 0.000000
14 1 0.000000
30 1 0.000000
31 1 0.000000
32 1 0.000000
33 1 0.000000
599 1 0.000000
600 1 0.000000
601 1 0.000000
602 1 0.000000
603 1 0.000000
604 1 0.000000
605 1 0.000000
606 1 0.000000
607 1 0.000000
608 1 0.000000
609 1 0.000000
610 1 0.000000
611 1 0.000000
612 1 0.000000
613 1 0.000000
614 1 0.000000
615 1 0.000000
616 1 0.000000
617 1 0.000000
618 1 0.000000
619 1 0.000000
620 1 0.000000
621 1 0.000000
622 1 0.000000
623 1 0.000000
624 1 0.000000
625 1 0.000000
626 1 0.000000
627 1 0.000000
628 1 0.000000
629 1 0.000000
630 1 0.000000
631 1 0.000000
632 1 0.000000
633 1 0.000000
634 1 0.000000
635 1 0.000000
636 1 0.000000
637 1 0.000000
638 1 0.000000
639 1 0.000000
640 1 0.000000
641 1 0.000000
642 1 0.000000
643 1 0.000000
644 1 0.000000
645 1 0.000000
646 1 0.000000
647 1 0.000000
648 1 0.000000
649 1 0.000000
650 1 0.000000
651 1 0.000000
652 1 0.000000
653 1 0.000000
654 1 0.000000
655 1 0.000000
656 1 0.000000
657 1 0.000000
658 1 0.000000
659 1 0.000000
660 1 0.000000
661 1 0.000000
662 1 0.000000
663 1 0.000000
664 1 0.000000
665 1 0.000000
666 1 0.000000
667 1 0.000000
668 1 0.000000
669 1 0.000000
670 1 0.000000
671 1 0.000000
672 1 0.000000
673 1 0.000000
674 1 0.000000
675 1 0.000000
676 1 0.000000
677 1 0.000000
678 1 0.000000
679 1 0.000000
680 1 0.000000
681 1 0.000000
682 1 0.000000
683 1 0.000000
684 1 0.000000
685 1 0.000000
686 1 0.000000
687 1 0.000000
688 1 0.000000
689 1 0.000000
690 1 0.000000
691 1 0.000000
692 1 0.000000
693 1 0.000000
694 1 0.000000
695 1 0.000000
696 1 0.000000
697 1 0.000000
698 1 0.000000
699 1 0.000000
700 1 0.000000
701 1 0.000000
702 1 0.000000
703 1 0.000000
704 1 0.000000
705 1 0.000000
706 1 0.000000
707 1 0.000000
708 1 0.000000
709 1 0.000000
710 1 0.000000
711 1 0.000000
712 1 0.000000
713 1 0.000000
714 1 0.000000
715 1 0.000000
716 1 0.000000
717 1 0.000000
718 1 0.000000
719 1 0.000000
720 1 0.000000
721 1 0.000000
722 1 0.000000
723 1 0.000000
724 1 0.000000
725 1 0.000000
726 1 0.000000
727 1 0.000000
728 1 0.000000
729 1 0.000000
730 1 0.000000
731 1 0.000000
732 1 0.000000
733 1 0.000000
734 1 0.000000
735 1 0.000000
736 1 0.000000
737 1 0.000000
738 1 0.000000
739 1 0.000000
740 1 0.000000
741 1 0.000000
742 1 0.000000
743 1 0.000000
744 1 0.000000
745 1 0.000000
746 1 0.000000
747 1 0.000000
748 1 0.000000
749 1 0.000000
750 1 0.000000
751 1 0.000000
752 1 0.000000
753 1 0.000000
754 1 0.000000
755 1 0.000000
756 1 0.000000
757 1 0.000000
758 1 0.000000
759 1 0.000000
760 1 0.000000
761 1 0.000000
762 1 0.000000
763 1 0.000000
764 1 0.000000
765 1 0.000000
766 1 0.000000
767 1 0.000000
768 1 0.000000
769 1 0.000000
770 1 0.000000
771 1 0.000000
772 1 0.000000
773 1 0.000000
774 1 0.000000
775 1 0.000000
776 1 0.000000
777 1 0.000000
778 1 0.000000
779 1 0.000000
780 1 0.000000
781 1 0.000000
782 1 0.000000
783 1 0.000000
784 1 0.000000
785 1 0.000000
786 1 0.000000
787 1 0.000000
788 1 0.000000
789 1 0.000000
790 1 0.000000
791 1 0.000000
792 1 0.000000
793 1 0.000000
794 1 0.000000
795 1 0.000000
796 1 0.000000
797 1 0.000000
798 1 0.000000
799 1 0.000000
800 1 0.000000
801 1 0.000000
802 1 0.000000
803 1 0.000000
804 1 0.000000
805 1 0.000000
806 1 0.000000
807 1 0.000000
808 1 0.000000
809 1 0.000000
810 1 0.000000
811 1 0.000000
812 1 0.000000
813 1 0.000000
814 1 0.000000
815 1 0.000000
816 1 0.000000
817 1 0.000000
818 1 0.000000
819 1 0.000000
820 1 0.000000
821 1 0.000000
822 1 0.000000
823 1 0.000000
824 1 0.000000
825 1 0.000000
826 1 0.000000
827 1 0.000000
828 1 0.000000
829 1 0.000000
830 1 0.000000
831 1 0.000000
832 1 0.000000
833 1 0.000000
834 1 0.000000
835 1 0.000000
836 1 0.000000
837 1 0.000000
838 1 0.000000
839 1 0.000000
840 1 0.000000
841 1 0.000000
842 1 0.000000
843 1 0.000000
844 1 0.000000
845 1 0.000000
846 1 0.000000
847 1 0.000000
848 1 0.000000
849 1 0.000000
850 1 0.000000
851 1 0.000000
852 1 0.000000
853 1 0.000000
854 1 0.000000
855 1 0.000000
856 1 0.000000
857 1 0.000000
858 1 0.000000
859 1 0.000000
860 1 0.000000
861 1 0.000000
862 1 0.000000
863 1 0.000000
864 1 0.000000
865 1 0.000000
866 1 0.000000
867 1 0.000000
868 1 0.000000
869 1 0.000000
870 1 0.000000
871 1 0.000000
872 1 0.000000
873 1 0.000000
874 1 0.000000
875 1 0.000000
876 1 0.000000
877 1 0.000000
878 1 0.000000
879 1 0.000000
880 1 0.000000
881 1 0.000000
882 1 0.000000
883 1 0.000000
884 1 0.000000
885 1 0.000000
886 1 0.000000
887 1 0.000000
888 1 0.000000
889 1 0.000000
890 1 0.000000
891 1 0.000000
892 1 0.000000
893 1 0.000000
894 1 0.000000
895 1 0.000000
3272 1 0.000000
3273 1 0.000000
3274 1 0.000000
3275 1 0.000000
3276 1 0.000000
3277 1 0.000000
3278 1 0.000000
3279 1 0.000000
3280 1 0.000000
3281 1 0.000000
3282 1 0.000000
3283 1 0.000000
3284 1 0.000000
3285 1 0.000000
3286 1 0.000000
3287 1 0.000000
3288 1 0.000000
3289 1 0.000000
3290 1 0.000000
3291 1 0.000000
3292 1 0.000000
3293 1 0.000000
3294 1 0.000000
3295 1 0.000000
3296 1 0.000000
3297 1 0.000000
3298 1 0.000000
3299 1 0.000000
3300 1 0.000000
3301 1 0.000000
3302 1 0.000000
3303 1 0.000000
3304 1 0.000000
3305 1 0.000000
3306 1 0.000000
3307 1 0.000000
3308 1 0.000000
3309 1 0.000000
3310 1 0.000000
3311 1 0.000000
3312 1 0.000000
3313 1 0.000000
3314 1 0.000000
3315 1 0.000000
3316 1 0.000000
3317 1 0.000000
3318 1 0.000000
3319 1 0.000000
3320 1 0.000000
3321 1 0.000000
3322 1 0.000000
3323 1 0.000000
3324 1 0.000000
3325 1 0.000000
3326 1 0.000000
3327 1 0.000000
3328 1 0.000000
3329 1 0.000000
3330 1 0.000000
3331 1 0.000000
3332 1 0.000000
3333 1 0.000000
3334 1 0.000000
3335 1 0.000000
3336 1 0.000000
3337 1 0.000000
3338 1 0.000000
3339 1 0.000000
3340 1 0.000000
3341 1 0.000000
3342 1 0.000000
3343 1 0.000000
3344 1 0.000000
3345 1 0.000000
3346 1 0.000000
3347 1 0.000000
3348 1 0.000000
3349 1 0.000000
3350 1 0.000000
3351 1 0.000000
3352 1 0.000000
3353 1 0.000000
3354 1 0.000000
3355 1 0.000000
3356 1 0.000000
3357 1 0.000000
3358 1 0.000000
3359 1 0.000000
3360 1 0.000000
3450 1 0.000000
3451 1 0.000000
3452 1 0.000000
3453 1 0.000000
3454 1 0.000000
3455 1 0.000000
3456 1 0.000000
3457 1 0.000000
3458 1 0.000000
3459 1 0.000000
3460 1 0.000000
3461 1 0.000000
3462 1 0.000000
3463 1 0.000000
3464 1 0.000000
3465 1 0.000000
3466 1 0.000000
3467 1 0.000000
3468 1 0.000000
3469 1 0.000000
3470 1 0.000000
3471 1 0.000000
3472 1 0.000000
3473 1 0.000000
3474 1 0.000000
3475 1 0.000000
3476 1 0.000000
3477 1 0.000000
3478 1 0.000000
3479 1 0.000000
3480 1 0.000000
3481 1 0.000000
3482 1 0.000000
3483 1 0.000000
3484 1 0.000000
3485 1 0.000000
3486 1 0.000000
3487 1 0.000000
3488 1 0.000000
3489 1 0.000000
3490 1 0.000000
3491 1 0.000000
3492 1 0.000000
3493 1 0.000000
3494 1 0.000000
3495 1 0.000000
3496 1 0.000000
3497 1 0.000000
3498 1 0.000000
3499 1 0.000000
3500 1 0.000000
3501 1 0.000000
3502 1 0.000000
3503 1 0.000000
3504 1 0.000000
3505 1 0.000000
3506 1 0.000000
3507 1 0.000000
3508 1 0.000000
3598 1 0.000000
3599 1 0.000000
3600 1 0.000000
3601 1 0.000000
3602 1 0.000000
3603 1 0.000000
3604 1 0.000000
3605 1 0.000000
3606 1 0.000000
3607 1 0.000000
3608 1 0.000000
3609 1 0.000000
3610 1 0.000000
3611 1 0.000000
3612 1 0.000000
3613 1 0.000000
3614 1 0.000000
3615 1 0.000000
3616 1 0.000000
3617 1 0.000000
3618 1 0.000000
3619 1 0.000000
3620 1 0.000000
3621 1 0.000000
3622 1 0.000000
3623 1 0.000000
3624 1 0.000000
3625 1 0.000000
3626 1 0.000000
3627 1 0.000000
3628 1 0.000000
3629 1 0.000000
3630 1 0.000000
3631 1 0.000000
3632 1 0.000000
3633 1 0.000000
3634 1 0.000000
3635 1 0.000000
3636 1 0.000000
3637 1 0.000000
3638 1 0.000000
3639 1 0.000000
3640 1 0.000000
3641 1 0.000000
3642 1 0.000000
3643 1 0.000000
3644 1 0.000000
3645 1 0.000000
3646 1 0.000000
3647 1 0.000000
3648 1 0.000000
3649 1 0.000000
3650 1 0.000000
3651 1 0.000000
3652 1 0.000000
3653 1 0.000000
3654 1 0.000000
3655 1 0.000000
3656 1 0.000000
3657 1 0.000000
3658 1 0.000000
3659 1 0.000000
3660 1 0.000000
3661 1 0.000000
3662 1 0.000000
3663 1 0.000000
3664 1 0.000000
3665 1 0.000000
3666 1 0.000000
3667 1 0.000000
3668 1 0.000000
3669 1 0.000000
3670 1 0.000000
3671 1 0.000000
3672 1 0.000000
3673 1 0.000000
3674 1 0.000000
3675 1 0.000000
3676 1 0.000000
3677 1 0.000000
3678 1 0.000000
3679 1 0.000000
3680 1 0.000000
3681 1 0.000000
3682 1 0.000000
3683 1 0.000000
3684 1 0.000000
3685 1 0.000000
3686 1 0.000000
3687 1 0.000000
3688 1 0.000000
3689 1 0.000000
3690 1 0.000000
3691 1 0.000000
3692 1 0.000000
3693 1 0.000000
3694 1 0.000000
3695 1 0.000000
3696 1 0.000000
3697 1 0.000000
3698 1 0.000000
3699 1 0.000000
3700 1 0.000000
3701 1 0.000000
3702 1 0.000000
3703 1 0.000000
3704 1 0.000000
3705 1 0.000000
3706 1 0.000000
3707 1 0.000000
3708 1 0.000000
3709 1 0.000000
3710 1 0.000000
3711 1 0.000000
3712 1 0.000000
3713 1 0.000000
3714 1 0.000000
3715 1 0.000000
3716 1 0.000000
3717 1 0.000000
3718 1 0.000000
3719 1 0.000000
3720 1 0.000000
3721 1 0.000000
3722 1 0.000000
3723 1 0.000000
3724 1 0.000000
3725 1 0.000000
3726 1 0.000000
3727 1 0.000000
3728 1 0.000000
3729 1 0.000000
3730 1 0.000000
3731 1 0.000000
3732 1 0.000000
3733 1 0.000000
3734 1 0.000000
3735 1 0.000000
3736 1 0.000000
3737 1 0.000000
3738 1 0.000000
3739 1 0.000000
3740 1 0.000000
3741 1 0.000000
3742 1 0.000000
3743 1 0.000000
3744 1 0.000000
3745 1 0.000000
3746 1 0.000000
