210 4
16 481 3065 28
481 482 3066 3065
482 483 3067 3066
483 484 3068 3067
484 485 3069 3068
485 486 3070 3069
486 487 3071 3070
487 488 3072 3071
488 489 3073 3072
489 490 3074 3073
490 491 3075 3074
491 492 3076 3075
492 493 3077 3076
493 494 3078 3077
494 495 3079 3078
495 496 3080 3079
496 497 3081 3080
497 498 3082 3081
498 499 3083 3082
499 500 3084 3083
500 501 3085 3084
501 502 3086 3085
502 503 3087 3086
503 504 3088 3087
504 505 3089 3088
505 506 3090 3089
506 507 3091 3090
507 508 3092 3091
508 509 3093 3092
509 17 29 3093
17 510 3183 29
510 511 3184 3183
511 512 3185 3184
512 513 3186 3185
513 514 3187 3186
514 515 3188 3187
515 516 3189 3188
516 517 3190 3189
517 518 3191 3190
518 519 3192 3191
519 520 3193 3192
520 521 3194 3193
521 522 3195 3194
522 523 3196 3195
523 524 3197 3196
524 525 3198 3197
525 526 3199 3198
526 527 3200 3199
527 528 3201 3200
528 529 3202 3201
529 530 3203 3202
530 531 3204 3203
531 532 3205 3204
532 533 3206 3205
533 534 3207 3206
534 535 3208 3207
535 536 3209 3208
536 537 3210 3209
537 538 3211 3210
538 539 3212 3211
539 540 3213 3212
540 541 3214 3213
541 542 3215 3214
542 543 3216 3215
543 544 3217 3216
544 545 3218 3217
545 546 3219 3218
546 547 3220 3219
547 548 3221 3220
548 549 3222 3221
549 550 3223 3222
550 551 3224 3223
551 552 3225 3224
552 553 3226 3225
553 554 3227 3226
554 555 3228 3227
555 556 3229 3228
556 557 3230 3229
557 558 3231 3230
558 559 3232 3231
559 560 3233 3232
560 561 3234 3233
561 562 3235 3234
562 563 3236 3235
563 564 3237 3236
564 565 3238 3237
565 566 3239 3238
566 567 3240 3239
567 568 3241 3240
568 569 3242 3241
569 570 3243 3242
570 571 3244 3243
571 572 3245 3244
572 573 3246 3245
573 574 3247 3246
574 575 3248 3247
575 576 3249 3248
576 577 3250 3249
577 578 3251 3250
578 579 3252 3251
579 580 3253 3252
580 581 3254 3253
581 582 3255 3254
582 583 3256 3255
583 584 3257 3256
584 585 3258 3257
585 586 3259 3258
586 587 3260 3259
587 588 3261 3260
588 589 3262 3261
589 590 3263 3262
590 591 3264 3263
591 592 3265 3264
592 593 3266 3265
593 594 3267 3266
594 595 3268 3267
595 596 3269 3268
596 597 3270 3269
597 598 3271 3270
598 9 30 3271
8 392 4727 39
392 393 4728 4727
393 394 4729 4728
394 395 4730 4729
395 396 4731 4730
396 397 4732 4731
397 398 4733 4732
398 399 4734 4733
399 400 4735 4734
400 401 4736 4735
401 402 4737 4736
402 403 4738 4737
403 404 4739 4738
404 405 4740 4739
405 406 4741 4740
406 407 4742 4741
407 408 4743 4742
408 409 4744 4743
409 410 4745 4744
410 411 4746 4745
411 412 4747 4746
412 413 4748 4747
413 414 4749 4748
414 415 4750 4749
415 416 4751 4750
416 417 4752 4751
417 418 4753 4752
418 419 4754 4753
419 420 4755 4754
420 421 4756 4755
421 422 4757 4756
422 423 4758 4757
423 424 4759 4758
424 425 4760 4759
425 426 4761 4760
426 427 4762 4761
427 428 4763 4762
428 429 4764 4763
429 430 4765 4764
430 431 4766 4765
431 432 4767 4766
432 433 4768 4767
433 434 4769 4768
434 435 4770 4769
435 436 4771 4770
436 437 4772 4771
437 438 4773 4772
438 439 4774 4773
439 440 4775 4774
440 441 4776 4775
441 442 4777 4776
442 443 4778 4777
443 444 4779 4778
444 445 4780 4779
445 446 4781 4780
446 447 4782 4781
447 448 4783 4782
448 449 4784 4783
449 450 4785 4784
450 451 4786 4785
451 452 4787 4786
452 453 4788 4787
453 454 4789 4788
454 455 4790 4789
455 456 4791 4790
456 457 4792 4791
457 458 4793 4792
458 459 4794 4793
459 460 4795 4794
460 461 4796 4795
461 462 4797 4796
462 463 4798 4797
463 464 4799 4798
464 465 4800 4799
465 466 4801 4800
466 467 4802 4801
467 468 4803 4802
468 469 4804 4803
469 470 4805 4804
470 471 4806 4805
471 472 4807 4806
472 473 4808 4807
473 474 4809 4808
474 475 4810 4809
475 476 4811 4810
476 477 4812 4811
477 478 4813 4812
478 479 4814 4813
479 480 4815 4814
480 16 28 4815
