1266 3
8 0 1.000000
8 1 0.000000
8 2 0.000000
9 0 1.000000
9 1 0.000000
9 2 0.000000
16 0 1.000000
16 1 0.000000
16 2 0.000000
17 0 1.000000
17 1 0.000000
17 2 0.000000
28 0 1.000000
28 1 0.000000
28 2 0.000000
29 0 1.000000
29 1 0.000000
29 2 0.000000
30 0 1.000000
30 1 0.000000
30 2 0.000000
39 0 1.000000
39 1 0.000000
39 2 0.000000
392 0 1.000000
392 1 0.000000
392 2 0.000000
393 0 1.000000
393 1 0.000000
393 2 0.000000
394 0 1.000000
394 1 0.000000
394 2 0.000000
395 0 1.000000
395 1 0.000000
395 2 0.000000
396 0 1.000000
396 1 0.000000
396 2 0.000000
397 0 1.000000
397 1 0.000000
397 2 0.000000
398 0 1.000000
398 1 0.000000
398 2 0.000000
399 0 1.000000
399 1 0.000000
399 2 0.000000
400 0 1.000000
400 1 0.000000
400 2 0.000000
401 0 1.000000
401 1 0.000000
401 2 0.000000
402 0 1.000000
402 1 0.000000
402 2 0.000000
403 0 1.000000
403 1 0.000000
403 2 0.000000
404 0 1.000000
404 1 0.000000
404 2 0.000000
405 0 1.000000
405 1 0.000000
405 2 0.000000
406 0 1.000000
406 1 0.000000
406 2 0.000000
407 0 1.000000
407 1 0.000000
407 2 0.000000
408 0 1.000000
408 1 0.000000
408 2 0.000000
409 0 1.000000
409 1 0.000000
409 2 0.000000
410 0 1.000000
410 1 0.000000
410 2 0.000000
411 0 1.000000
411 1 0.000000
411 2 0.000000
412 0 1.000000
412 1 0.000000
412 2 0.000000
413 0 1.000000
413 1 0.000000
413 2 0.000000
414 0 1.000000
414 1 0.000000
414 2 0.000000
415 0 1.000000
415 1 0.000000
415 2 0.000000
416 0 1.000000
416 1 0.000000
416 2 0.000000
417 0 1.000000
417 1 0.000000
417 2 0.000000
418 0 1.000000
418 1 0.000000
418 2 0.000000
419 0 1.000000
419 1 0.000000
419 2 0.000000
420 0 1.000000
420 1 0.000000
420 2 0.000000
421 0 1.000000
421 1 0.000000
421 2 0.000000
422 0 1.000000
422 1 0.000000
422 2 0.000000
423 0 1.000000
423 1 0.000000
423 2 0.000000
424 0 1.000000
424 1 0.000000
424 2 0.000000
425 0 1.000000
425 1 0.000000
425 2 0.000000
426 0 1.000000
426 1 0.000000
426 2 0.000000
427 0 1.000000
427 1 0.000000
427 2 0.000000
428 0 1.000000
428 1 0.000000
428 2 0.000000
429 0 1.000000
429 1 0.000000
429 2 0.000000
430 0 1.000000
430 1 0.000000
430 2 0.000000
431 0 1.000000
431 1 0.000000
431 2 0.000000
432 0 1.000000
432 1 0.000000
432 2 0.000000
433 0 1.000000
433 1 0.000000
433 2 0.000000
434 0 1.000000
434 1 0.000000
434 2 0.000000
435 0 1.000000
435 1 0.000000
435 2 0.000000
436 0 1.000000
436 1 0.000000
436 2 0.000000
437 0 1.000000
437 1 0.000000
437 2 0.000000
438 0 1.000000
438 1 0.000000
438 2 0.000000
439 0 1.000000
439 1 0.000000
439 2 0.000000
440 0 1.000000
440 1 0.000000
440 2 0.000000
441 0 1.000000
441 1 0.000000
441 2 0.000000
442 0 1.000000
442 1 0.000000
442 2 0.000000
443 0 1.000000
443 1 0.000000
443 2 0.000000
444 0 1.000000
444 1 0.000000
444 2 0.000000
445 0 1.000000
445 1 0.000000
445 2 0.000000
446 0 1.000000
446 1 0.000000
446 2 0.000000
447 0 1.000000
447 1 0.000000
447 2 0.000000
448 0 1.000000
448 1 0.000000
448 2 0.000000
449 0 1.000000
449 1 0.000000
449 2 0.000000
450 0 1.000000
450 1 0.000000
450 2 0.000000
451 0 1.000000
451 1 0.000000
451 2 0.000000
452 0 1.000000
452 1 0.000000
452 2 0.000000
453 0 1.000000
453 1 0.000000
453 2 0.000000
454 0 1.000000
454 1 0.000000
454 2 0.000000
455 0 1.000000
455 1 0.000000
455 2 0.000000
456 0 1.000000
456 1 0.000000
456 2 0.000000
457 0 1.000000
457 1 0.000000
457 2 0.000000
458 0 1.000000
458 1 0.000000
458 2 0.000000
459 0 1.000000
459 1 0.000000
459 2 0.000000
460 0 1.000000
460 1 0.000000
460 2 0.000000
461 0 1.000000
461 1 0.000000
461 2 0.000000
462 0 1.000000
462 1 0.000000
462 2 0.000000
463 0 1.000000
463 1 0.000000
463 2 0.000000
464 0 1.000000
464 1 0.000000
464 2 0.000000
465 0 1.000000
465 1 0.000000
465 2 0.000000
466 0 1.000000
466 1 0.000000
466 2 0.000000
467 0 1.000000
467 1 0.000000
467 2 0.000000
468 0 1.000000
468 1 0.000000
468 2 0.000000
469 0 1.000000
469 1 0.000000
469 2 0.000000
470 0 1.000000
470 1 0.000000
470 2 0.000000
471 0 1.000000
471 1 0.000000
471 2 0.000000
472 0 1.000000
472 1 0.000000
472 2 0.000000
473 0 1.000000
473 1 0.000000
473 2 0.000000
474 0 1.000000
474 1 0.000000
474 2 0.000000
475 0 1.000000
475 1 0.000000
475 2 0.000000
476 0 1.000000
476 1 0.000000
476 2 0.000000
477 0 1.000000
477 1 0.000000
477 2 0.000000
478 0 1.000000
478 1 0.000000
478 2 0.000000
479 0 1.000000
479 1 0.000000
479 2 0.000000
480 0 1.000000
480 1 0.000000
480 2 0.000000
481 0 1.000000
481 1 0.000000
481 2 0.000000
482 0 1.000000
482 1 0.000000
482 2 0.000000
483 0 1.000000
483 1 0.000000
483 2 0.000000
484 0 1.000000
484 1 0.000000
484 2 0.000000
485 0 1.000000
485 1 0.000000
485 2 0.000000
486 0 1.000000
486 1 0.000000
486 2 0.000000
487 0 1.000000
487 1 0.000000
487 2 0.000000
488 0 1.000000
488 1 0.000000
488 2 0.000000
489 0 1.000000
489 1 0.000000
489 2 0.000000
490 0 1.000000
490 1 0.000000
490 2 0.000000
491 0 1.000000
491 1 0.000000
491 2 0.000000
492 0 1.000000
492 1 0.000000
492 2 0.000000
493 0 1.000000
493 1 0.000000
493 2 0.000000
494 0 1.000000
494 1 0.000000
494 2 0.000000
495 0 1.000000
495 1 0.000000
495 2 0.000000
496 0 1.000000
496 1 0.000000
496 2 0.000000
497 0 1.000000
497 1 0.000000
497 2 0.000000
498 0 1.000000
498 1 0.000000
498 2 0.000000
499 0 1.000000
499 1 0.000000
499 2 0.000000
500 0 1.000000
500 1 0.000000
500 2 0.000000
501 0 1.000000
501 1 0.000000
501 2 0.000000
502 0 1.000000
502 1 0.000000
502 2 0.000000
503 0 1.000000
503 1 0.000000
503 2 0.000000
504 0 1.000000
504 1 0.000000
504 2 0.000000
505 0 1.000000
505 1 0.000000
505 2 0.000000
506 0 1.000000
506 1 0.000000
506 2 0.000000
507 0 1.000000
507 1 0.000000
507 2 0.000000
508 0 1.000000
508 1 0.000000
508 2 0.000000
509 0 1.000000
509 1 0.000000
509 2 0.000000
510 0 1.000000
510 1 0.000000
510 2 0.000000
511 0 1.000000
511 1 0.000000
511 2 0.000000
512 0 1.000000
512 1 0.000000
512 2 0.000000
513 0 1.000000
513 1 0.000000
513 2 0.000000
514 0 1.000000
514 1 0.000000
514 2 0.000000
515 0 1.000000
515 1 0.000000
515 2 0.000000
516 0 1.000000
516 1 0.000000
516 2 0.000000
517 0 1.000000
517 1 0.000000
517 2 0.000000
518 0 1.000000
518 1 0.000000
518 2 0.000000
519 0 1.000000
519 1 0.000000
519 2 0.000000
520 0 1.000000
520 1 0.000000
520 2 0.000000
521 0 1.000000
521 1 0.000000
521 2 0.000000
522 0 1.000000
522 1 0.000000
522 2 0.000000
523 0 1.000000
523 1 0.000000
523 2 0.000000
524 0 1.000000
524 1 0.000000
524 2 0.000000
525 0 1.000000
525 1 0.000000
525 2 0.000000
526 0 1.000000
526 1 0.000000
526 2 0.000000
527 0 1.000000
527 1 0.000000
527 2 0.000000
528 0 1.000000
528 1 0.000000
528 2 0.000000
529 0 1.000000
529 1 0.000000
529 2 0.000000
530 0 1.000000
530 1 0.000000
530 2 0.000000
531 0 1.000000
531 1 0.000000
531 2 0.000000
532 0 1.000000
532 1 0.000000
532 2 0.000000
533 0 1.000000
533 1 0.000000
533 2 0.000000
534 0 1.000000
534 1 0.000000
534 2 0.000000
535 0 1.000000
535 1 0.000000
535 2 0.000000
536 0 1.000000
536 1 0.000000
536 2 0.000000
537 0 1.000000
537 1 0.000000
537 2 0.000000
538 0 1.000000
538 1 0.000000
538 2 0.000000
539 0 1.000000
539 1 0.000000
539 2 0.000000
540 0 1.000000
540 1 0.000000
540 2 0.000000
541 0 1.000000
541 1 0.000000
541 2 0.000000
542 0 1.000000
542 1 0.000000
542 2 0.000000
543 0 1.000000
543 1 0.000000
543 2 0.000000
544 0 1.000000
544 1 0.000000
544 2 0.000000
545 0 1.000000
545 1 0.000000
545 2 0.000000
546 0 1.000000
546 1 0.000000
546 2 0.000000
547 0 1.000000
547 1 0.000000
547 2 0.000000
548 0 1.000000
548 1 0.000000
548 2 0.000000
549 0 1.000000
549 1 0.000000
549 2 0.000000
550 0 1.000000
550 1 0.000000
550 2 0.000000
551 0 1.000000
551 1 0.000000
551 2 0.000000
552 0 1.000000
552 1 0.000000
552 2 0.000000
553 0 1.000000
553 1 0.000000
553 2 0.000000
554 0 1.000000
554 1 0.000000
554 2 0.000000
555 0 1.000000
555 1 0.000000
555 2 0.000000
556 0 1.000000
556 1 0.000000
556 2 0.000000
557 0 1.000000
557 1 0.000000
557 2 0.000000
558 0 1.000000
558 1 0.000000
558 2 0.000000
559 0 1.000000
559 1 0.000000
559 2 0.000000
560 0 1.000000
560 1 0.000000
560 2 0.000000
561 0 1.000000
561 1 0.000000
561 2 0.000000
562 0 1.000000
562 1 0.000000
562 2 0.000000
563 0 1.000000
563 1 0.000000
563 2 0.000000
564 0 1.000000
564 1 0.000000
564 2 0.000000
565 0 1.000000
565 1 0.000000
565 2 0.000000
566 0 1.000000
566 1 0.000000
566 2 0.000000
567 0 1.000000
567 1 0.000000
567 2 0.000000
568 0 1.000000
568 1 0.000000
568 2 0.000000
569 0 1.000000
569 1 0.000000
569 2 0.000000
570 0 1.000000
570 1 0.000000
570 2 0.000000
571 0 1.000000
571 1 0.000000
571 2 0.000000
572 0 1.000000
572 1 0.000000
572 2 0.000000
573 0 1.000000
573 1 0.000000
573 2 0.000000
574 0 1.000000
574 1 0.000000
574 2 0.000000
575 0 1.000000
575 1 0.000000
575 2 0.000000
576 0 1.000000
576 1 0.000000
576 2 0.000000
577 0 1.000000
577 1 0.000000
577 2 0.000000
578 0 1.000000
578 1 0.000000
578 2 0.000000
579 0 1.000000
579 1 0.000000
579 2 0.000000
580 0 1.000000
580 1 0.000000
580 2 0.000000
581 0 1.000000
581 1 0.000000
581 2 0.000000
582 0 1.000000
582 1 0.000000
582 2 0.000000
583 0 1.000000
583 1 0.000000
583 2 0.000000
584 0 1.000000
584 1 0.000000
584 2 0.000000
585 0 1.000000
585 1 0.000000
585 2 0.000000
586 0 1.000000
586 1 0.000000
586 2 0.000000
587 0 1.000000
587 1 0.000000
587 2 0.000000
588 0 1.000000
588 1 0.000000
588 2 0.000000
589 0 1.000000
589 1 0.000000
589 2 0.000000
590 0 1.000000
590 1 0.000000
590 2 0.000000
591 0 1.000000
591 1 0.000000
591 2 0.000000
592 0 1.000000
592 1 0.000000
592 2 0.000000
593 0 1.000000
593 1 0.000000
593 2 0.000000
594 0 1.000000
594 1 0.000000
594 2 0.000000
595 0 1.000000
595 1 0.000000
595 2 0.000000
596 0 1.000000
596 1 0.000000
596 2 0.000000
597 0 1.000000
597 1 0.000000
597 2 0.000000
598 0 1.000000
598 1 0.000000
598 2 0.000000
3065 0 1.000000
3065 1 0.000000
3065 2 0.000000
3066 0 1.000000
3066 1 0.000000
3066 2 0.000000
3067 0 1.000000
3067 1 0.000000
3067 2 0.000000
3068 0 1.000000
3068 1 0.000000
3068 2 0.000000
3069 0 1.000000
3069 1 0.000000
3069 2 0.000000
3070 0 1.000000
3070 1 0.000000
3070 2 0.000000
3071 0 1.000000
3071 1 0.000000
3071 2 0.000000
3072 0 1.000000
3072 1 0.000000
3072 2 0.000000
3073 0 1.000000
3073 1 0.000000
3073 2 0.000000
3074 0 1.000000
3074 1 0.000000
3074 2 0.000000
3075 0 1.000000
3075 1 0.000000
3075 2 0.000000
3076 0 1.000000
3076 1 0.000000
3076 2 0.000000
3077 0 1.000000
3077 1 0.000000
3077 2 0.000000
3078 0 1.000000
3078 1 0.000000
3078 2 0.000000
3079 0 1.000000
3079 1 0.000000
3079 2 0.000000
3080 0 1.000000
3080 1 0.000000
3080 2 0.000000
3081 0 1.000000
3081 1 0.000000
3081 2 0.000000
3082 0 1.000000
3082 1 0.000000
3082 2 0.000000
3083 0 1.000000
3083 1 0.000000
3083 2 0.000000
3084 0 1.000000
3084 1 0.000000
3084 2 0.000000
3085 0 1.000000
3085 1 0.000000
3085 2 0.000000
3086 0 1.000000
3086 1 0.000000
3086 2 0.000000
3087 0 1.000000
3087 1 0.000000
3087 2 0.000000
3088 0 1.000000
3088 1 0.000000
3088 2 0.000000
3089 0 1.000000
3089 1 0.000000
3089 2 0.000000
3090 0 1.000000
3090 1 0.000000
3090 2 0.000000
3091 0 1.000000
3091 1 0.000000
3091 2 0.000000
3092 0 1.000000
3092 1 0.000000
3092 2 0.000000
3093 0 1.000000
3093 1 0.000000
3093 2 0.000000
3183 0 1.000000
3183 1 0.000000
3183 2 0.000000
3184 0 1.000000
3184 1 0.000000
3184 2 0.000000
3185 0 1.000000
3185 1 0.000000
3185 2 0.000000
3186 0 1.000000
3186 1 0.000000
3186 2 0.000000
3187 0 1.000000
3187 1 0.000000
3187 2 0.000000
3188 0 1.000000
3188 1 0.000000
3188 2 0.000000
3189 0 1.000000
3189 1 0.000000
3189 2 0.000000
3190 0 1.000000
3190 1 0.000000
3190 2 0.000000
3191 0 1.000000
3191 1 0.000000
3191 2 0.000000
3192 0 1.000000
3192 1 0.000000
3192 2 0.000000
3193 0 1.000000
3193 1 0.000000
3193 2 0.000000
3194 0 1.000000
3194 1 0.000000
3194 2 0.000000
3195 0 1.000000
3195 1 0.000000
3195 2 0.000000
3196 0 1.000000
3196 1 0.000000
3196 2 0.000000
3197 0 1.000000
3197 1 0.000000
3197 2 0.000000
3198 0 1.000000
3198 1 0.000000
3198 2 0.000000
3199 0 1.000000
3199 1 0.000000
3199 2 0.000000
3200 0 1.000000
3200 1 0.000000
3200 2 0.000000
3201 0 1.000000
3201 1 0.000000
3201 2 0.000000
3202 0 1.000000
3202 1 0.000000
3202 2 0.000000
3203 0 1.000000
3203 1 0.000000
3203 2 0.000000
3204 0 1.000000
3204 1 0.000000
3204 2 0.000000
3205 0 1.000000
3205 1 0.000000
3205 2 0.000000
3206 0 1.000000
3206 1 0.000000
3206 2 0.000000
3207 0 1.000000
3207 1 0.000000
3207 2 0.000000
3208 0 1.000000
3208 1 0.000000
3208 2 0.000000
3209 0 1.000000
3209 1 0.000000
3209 2 0.000000
3210 0 1.000000
3210 1 0.000000
3210 2 0.000000
3211 0 1.000000
3211 1 0.000000
3211 2 0.000000
3212 0 1.000000
3212 1 0.000000
3212 2 0.000000
3213 0 1.000000
3213 1 0.000000
3213 2 0.000000
3214 0 1.000000
3214 1 0.000000
3214 2 0.000000
3215 0 1.000000
3215 1 0.000000
3215 2 0.000000
3216 0 1.000000
3216 1 0.000000
3216 2 0.000000
3217 0 1.000000
3217 1 0.000000
3217 2 0.000000
3218 0 1.000000
3218 1 0.000000
3218 2 0.000000
3219 0 1.000000
3219 1 0.000000
3219 2 0.000000
3220 0 1.000000
3220 1 0.000000
3220 2 0.000000
3221 0 1.000000
3221 1 0.000000
3221 2 0.000000
3222 0 1.000000
3222 1 0.000000
3222 2 0.000000
3223 0 1.000000
3223 1 0.000000
3223 2 0.000000
3224 0 1.000000
3224 1 0.000000
3224 2 0.000000
3225 0 1.000000
3225 1 0.000000
3225 2 0.000000
3226 0 1.000000
3226 1 0.000000
3226 2 0.000000
3227 0 1.000000
3227 1 0.000000
3227 2 0.000000
3228 0 1.000000
3228 1 0.000000
3228 2 0.000000
3229 0 1.000000
3229 1 0.000000
3229 2 0.000000
3230 0 1.000000
3230 1 0.000000
3230 2 0.000000
3231 0 1.000000
3231 1 0.000000
3231 2 0.000000
3232 0 1.000000
3232 1 0.000000
3232 2 0.000000
3233 0 1.000000
3233 1 0.000000
3233 2 0.000000
3234 0 1.000000
3234 1 0.000000
3234 2 0.000000
3235 0 1.000000
3235 1 0.000000
3235 2 0.000000
3236 0 1.000000
3236 1 0.000000
3236 2 0.000000
3237 0 1.000000
3237 1 0.000000
3237 2 0.000000
3238 0 1.000000
3238 1 0.000000
3238 2 0.000000
3239 0 1.000000
3239 1 0.000000
3239 2 0.000000
3240 0 1.000000
3240 1 0.000000
3240 2 0.000000
3241 0 1.000000
3241 1 0.000000
3241 2 0.000000
3242 0 1.000000
3242 1 0.000000
3242 2 0.000000
3243 0 1.000000
3243 1 0.000000
3243 2 0.000000
3244 0 1.000000
3244 1 0.000000
3244 2 0.000000
3245 0 1.000000
3245 1 0.000000
3245 2 0.000000
3246 0 1.000000
3246 1 0.000000
3246 2 0.000000
3247 0 1.000000
3247 1 0.000000
3247 2 0.000000
3248 0 1.000000
3248 1 0.000000
3248 2 0.000000
3249 0 1.000000
3249 1 0.000000
3249 2 0.000000
3250 0 1.000000
3250 1 0.000000
3250 2 0.000000
3251 0 1.000000
3251 1 0.000000
3251 2 0.000000
3252 0 1.000000
3252 1 0.000000
3252 2 0.000000
3253 0 1.000000
3253 1 0.000000
3253 2 0.000000
3254 0 1.000000
3254 1 0.000000
3254 2 0.000000
3255 0 1.000000
3255 1 0.000000
3255 2 0.000000
3256 0 1.000000
3256 1 0.000000
3256 2 0.000000
3257 0 1.000000
3257 1 0.000000
3257 2 0.000000
3258 0 1.000000
3258 1 0.000000
3258 2 0.000000
3259 0 1.000000
3259 1 0.000000
3259 2 0.000000
3260 0 1.000000
3260 1 0.000000
3260 2 0.000000
3261 0 1.000000
3261 1 0.000000
3261 2 0.000000
3262 0 1.000000
3262 1 0.000000
3262 2 0.000000
3263 0 1.000000
3263 1 0.000000
3263 2 0.000000
3264 0 1.000000
3264 1 0.000000
3264 2 0.000000
3265 0 1.000000
3265 1 0.000000
3265 2 0.000000
3266 0 1.000000
3266 1 0.000000
3266 2 0.000000
3267 0 1.000000
3267 1 0.000000
3267 2 0.000000
3268 0 1.000000
3268 1 0.000000
3268 2 0.000000
3269 0 1.000000
3269 1 0.000000
3269 2 0.000000
3270 0 1.000000
3270 1 0.000000
3270 2 0.000000
3271 0 1.000000
3271 1 0.000000
3271 2 0.000000
4727 0 1.000000
4727 1 0.000000
4727 2 0.000000
4728 0 1.000000
4728 1 0.000000
4728 2 0.000000
4729 0 1.000000
4729 1 0.000000
4729 2 0.000000
4730 0 1.000000
4730 1 0.000000
4730 2 0.000000
4731 0 1.000000
4731 1 0.000000
4731 2 0.000000
4732 0 1.000000
4732 1 0.000000
4732 2 0.000000
4733 0 1.000000
4733 1 0.000000
4733 2 0.000000
4734 0 1.000000
4734 1 0.000000
4734 2 0.000000
4735 0 1.000000
4735 1 0.000000
4735 2 0.000000
4736 0 1.000000
4736 1 0.000000
4736 2 0.000000
4737 0 1.000000
4737 1 0.000000
4737 2 0.000000
4738 0 1.000000
4738 1 0.000000
4738 2 0.000000
4739 0 1.000000
4739 1 0.000000
4739 2 0.000000
4740 0 1.000000
4740 1 0.000000
4740 2 0.000000
4741 0 1.000000
4741 1 0.000000
4741 2 0.000000
4742 0 1.000000
4742 1 0.000000
4742 2 0.000000
4743 0 1.000000
4743 1 0.000000
4743 2 0.000000
4744 0 1.000000
4744 1 0.000000
4744 2 0.000000
4745 0 1.000000
4745 1 0.000000
4745 2 0.000000
4746 0 1.000000
4746 1 0.000000
4746 2 0.000000
4747 0 1.000000
4747 1 0.000000
4747 2 0.000000
4748 0 1.000000
4748 1 0.000000
4748 2 0.000000
4749 0 1.000000
4749 1 0.000000
4749 2 0.000000
4750 0 1.000000
4750 1 0.000000
4750 2 0.000000
4751 0 1.000000
4751 1 0.000000
4751 2 0.000000
4752 0 1.000000
4752 1 0.000000
4752 2 0.000000
4753 0 1.000000
4753 1 0.000000
4753 2 0.000000
4754 0 1.000000
4754 1 0.000000
4754 2 0.000000
4755 0 1.000000
4755 1 0.000000
4755 2 0.000000
4756 0 1.000000
4756 1 0.000000
4756 2 0.000000
4757 0 1.000000
4757 1 0.000000
4757 2 0.000000
4758 0 1.000000
4758 1 0.000000
4758 2 0.000000
4759 0 1.000000
4759 1 0.000000
4759 2 0.000000
4760 0 1.000000
4760 1 0.000000
4760 2 0.000000
4761 0 1.000000
4761 1 0.000000
4761 2 0.000000
4762 0 1.000000
4762 1 0.000000
4762 2 0.000000
4763 0 1.000000
4763 1 0.000000
4763 2 0.000000
4764 0 1.000000
4764 1 0.000000
4764 2 0.000000
4765 0 1.000000
4765 1 0.000000
4765 2 0.000000
4766 0 1.000000
4766 1 0.000000
4766 2 0.000000
4767 0 1.000000
4767 1 0.000000
4767 2 0.000000
4768 0 1.000000
4768 1 0.000000
4768 2 0.000000
4769 0 1.000000
4769 1 0.000000
4769 2 0.000000
4770 0 1.000000
4770 1 0.000000
4770 2 0.000000
4771 0 1.000000
4771 1 0.000000
4771 2 0.000000
4772 0 1.000000
4772 1 0.000000
4772 2 0.000000
4773 0 1.000000
4773 1 0.000000
4773 2 0.000000
4774 0 1.000000
4774 1 0.000000
4774 2 0.000000
4775 0 1.000000
4775 1 0.000000
4775 2 0.000000
4776 0 1.000000
4776 1 0.000000
4776 2 0.000000
4777 0 1.000000
4777 1 0.000000
4777 2 0.000000
4778 0 1.000000
4778 1 0.000000
4778 2 0.000000
4779 0 1.000000
4779 1 0.000000
4779 2 0.000000
4780 0 1.000000
4780 1 0.000000
4780 2 0.000000
4781 0 1.000000
4781 1 0.000000
4781 2 0.000000
4782 0 1.000000
4782 1 0.000000
4782 2 0.000000
4783 0 1.000000
4783 1 0.000000
4783 2 0.000000
4784 0 1.000000
4784 1 0.000000
4784 2 0.000000
4785 0 1.000000
4785 1 0.000000
4785 2 0.000000
4786 0 1.000000
4786 1 0.000000
4786 2 0.000000
4787 0 1.000000
4787 1 0.000000
4787 2 0.000000
4788 0 1.000000
4788 1 0.000000
4788 2 0.000000
4789 0 1.000000
4789 1 0.000000
4789 2 0.000000
4790 0 1.000000
4790 1 0.000000
4790 2 0.000000
4791 0 1.000000
4791 1 0.000000
4791 2 0.000000
4792 0 1.000000
4792 1 0.000000
4792 2 0.000000
4793 0 1.000000
4793 1 0.000000
4793 2 0.000000
4794 0 1.000000
4794 1 0.000000
4794 2 0.000000
4795 0 1.000000
4795 1 0.000000
4795 2 0.000000
4796 0 1.000000
4796 1 0.000000
4796 2 0.000000
4797 0 1.000000
4797 1 0.000000
4797 2 0.000000
4798 0 1.000000
4798 1 0.000000
4798 2 0.000000
4799 0 1.000000
4799 1 0.000000
4799 2 0.000000
4800 0 1.000000
4800 1 0.000000
4800 2 0.000000
4801 0 1.000000
4801 1 0.000000
4801 2 0.000000
4802 0 1.000000
4802 1 0.000000
4802 2 0.000000
4803 0 1.000000
4803 1 0.000000
4803 2 0.000000
4804 0 1.000000
4804 1 0.000000
4804 2 0.000000
4805 0 1.000000
4805 1 0.000000
4805 2 0.000000
4806 0 1.000000
4806 1 0.000000
4806 2 0.000000
4807 0 1.000000
4807 1 0.000000
4807 2 0.000000
4808 0 1.000000
4808 1 0.000000
4808 2 0.000000
4809 0 1.000000
4809 1 0.000000
4809 2 0.000000
4810 0 1.000000
4810 1 0.000000
4810 2 0.000000
4811 0 1.000000
4811 1 0.000000
4811 2 0.000000
4812 0 1.000000
4812 1 0.000000
4812 2 0.000000
4813 0 1.000000
4813 1 0.000000
4813 2 0.000000
4814 0 1.000000
4814 1 0.000000
4814 2 0.000000
4815 0 1.000000
4815 1 0.000000
4815 2 0.000000
