300 4
9 599 3272 30
599 600 3273 3272
600 601 3274 3273
601 602 3275 3274
602 603 3276 3275
603 604 3277 3276
604 605 3278 3277
605 606 3279 3278
606 607 3280 3279
607 608 3281 3280
608 609 3282 3281
609 610 3283 3282
610 611 3284 3283
611 612 3285 3284
612 613 3286 3285
613 614 3287 3286
614 615 3288 3287
615 616 3289 3288
616 617 3290 3289
617 618 3291 3290
618 619 3292 3291
619 620 3293 3292
620 621 3294 3293
621 622 3295 3294
622 623 3296 3295
623 624 3297 3296
624 625 3298 3297
625 626 3299 3298
626 627 3300 3299
627 628 3301 3300
628 629 3302 3301
629 630 3303 3302
630 631 3304 3303
631 632 3305 3304
632 633 3306 3305
633 634 3307 3306
634 635 3308 3307
635 636 3309 3308
636 637 3310 3309
637 638 3311 3310
638 639 3312 3311
639 640 3313 3312
640 641 3314 3313
641 642 3315 3314
642 643 3316 3315
643 644 3317 3316
644 645 3318 3317
645 646 3319 3318
646 647 3320 3319
647 648 3321 3320
648 649 3322 3321
649 650 3323 3322
650 651 3324 3323
651 652 3325 3324
652 653 3326 3325
653 654 3327 3326
654 655 3328 3327
655 656 3329 3328
656 657 3330 3329
657 658 3331 3330
658 659 3332 3331
659 660 3333 3332
660 661 3334 3333
661 662 3335 3334
662 663 3336 3335
663 664 3337 3336
664 665 3338 3337
665 666 3339 3338
666 667 3340 3339
667 668 3341 3340
668 669 3342 3341
669 670 3343 3342
670 671 3344 3343
671 672 3345 3344
672 673 3346 3345
673 674 3347 3346
674 675 3348 3347
675 676 3349 3348
676 677 3350 3349
677 678 3351 3350
678 679 3352 3351
679 680 3353 3352
680 681 3354 3353
681 682 3355 3354
682 683 3356 3355
683 684 3357 3356
684 685 3358 3357
685 686 3359 3358
686 687 3360 3359
687 14 31 3360
14 688 3450 31
688 689 3451 3450
689 690 3452 3451
690 691 3453 3452
691 692 3454 3453
692 693 3455 3454
693 694 3456 3455
694 695 3457 3456
695 696 3458 3457
696 697 3459 3458
697 698 3460 3459
698 699 3461 3460
699 700 3462 3461
700 701 3463 3462
701 702 3464 3463
702 703 3465 3464
703 704 3466 3465
704 705 3467 3466
705 706 3468 3467
706 707 3469 3468
707 708 3470 3469
708 709 3471 3470
709 710 3472 3471
710 711 3473 3472
711 712 3474 3473
712 713 3475 3474
713 714 3476 3475
714 715 3477 3476
715 716 3478 3477
716 717 3479 3478
717 718 3480 3479
718 719 3481 3480
719 720 3482 3481
720 721 3483 3482
721 722 3484 3483
722 723 3485 3484
723 724 3486 3485
724 725 3487 3486
725 726 3488 3487
726 727 3489 3488
727 728 3490 3489
728 729 3491 3490
729 730 3492 3491
730 731 3493 3492
731 732 3494 3493
732 733 3495 3494
733 734 3496 3495
734 735 3497 3496
735 736 3498 3497
736 737 3499 3498
737 738 3500 3499
738 739 3501 3500
739 740 3502 3501
740 741 3503 3502
741 742 3504 3503
742 743 3505 3504
743 744 3506 3505
744 745 3507 3506
745 746 3508 3507
746 12 32 3508
12 747 3598 32
747 748 3599 3598
748 749 3600 3599
749 750 3601 3600
750 751 3602 3601
751 752 3603 3602
752 753 3604 3603
753 754 3605 3604
754 755 3606 3605
755 756 3607 3606
756 757 3608 3607
757 758 3609 3608
758 759 3610 3609
759 760 3611 3610
760 761 3612 3611
761 762 3613 3612
762 763 3614 3613
763 764 3615 3614
764 765 3616 3615
765 766 3617 3616
766 767 3618 3617
767 768 3619 3618
768 769 3620 3619
769 770 3621 3620
770 771 3622 3621
771 772 3623 3622
772 773 3624 3623
773 774 3625 3624
774 775 3626 3625
775 776 3627 3626
776 777 3628 3627
777 778 3629 3628
778 779 3630 3629
779 780 3631 3630
780 781 3632 3631
781 782 3633 3632
782 783 3634 3633
783 784 3635 3634
784 785 3636 3635
785 786 3637 3636
786 787 3638 3637
787 788 3639 3638
788 789 3640 3639
789 790 3641 3640
790 791 3642 3641
791 792 3643 3642
792 793 3644 3643
793 794 3645 3644
794 795 3646 3645
795 796 3647 3646
796 797 3648 3647
797 798 3649 3648
798 799 3650 3649
799 800 3651 3650
800 801 3652 3651
801 802 3653 3652
802 803 3654 3653
803 804 3655 3654
804 805 3656 3655
805 806 3657 3656
806 807 3658 3657
807 808 3659 3658
808 809 3660 3659
809 810 3661 3660
810 811 3662 3661
811 812 3663 3662
812 813 3664 3663
813 814 3665 3664
814 815 3666 3665
815 816 3667 3666
816 817 3668 3667
817 818 3669 3668
818 819 3670 3669
819 820 3671 3670
820 821 3672 3671
821 822 3673 3672
822 823 3674 3673
823 824 3675 3674
824 825 3676 3675
825 826 3677 3676
826 827 3678 3677
827 828 3679 3678
828 829 3680 3679
829 830 3681 3680
830 831 3682 3681
831 832 3683 3682
832 833 3684 3683
833 834 3685 3684
834 835 3686 3685
835 836 3687 3686
836 837 3688 3687
837 838 3689 3688
838 839 3690 3689
839 840 3691 3690
840 841 3692 3691
841 842 3693 3692
842 843 3694 3693
843 844 3695 3694
844 845 3696 3695
845 846 3697 3696
846 847 3698 3697
847 848 3699 3698
848 849 3700 3699
849 850 3701 3700
850 851 3702 3701
851 852 3703 3702
852 853 3704 3703
853 854 3705 3704
854 855 3706 3705
855 856 3707 3706
856 857 3708 3707
857 858 3709 3708
858 859 3710 3709
859 860 3711 3710
860 861 3712 3711
861 862 3713 3712
862 863 3714 3713
863 864 3715 3714
864 865 3716 3715
865 866 3717 3716
866 867 3718 3717
867 868 3719 3718
868 869 3720 3719
869 870 3721 3720
870 871 3722 3721
871 872 3723 3722
872 873 3724 3723
873 874 3725 3724
874 875 3726 3725
875 876 3727 3726
876 877 3728 3727
877 878 3729 3728
878 879 3730 3729
879 880 3731 3730
880 881 3732 3731
881 882 3733 3732
882 883 3734 3733
883 884 3735 3734
884 885 3736 3735
885 886 3737 3736
886 887 3738 3737
887 888 3739 3738
888 889 3740 3739
889 890 3741 3740
890 891 3742 3741
891 892 3743 3742
892 893 3744 3743
893 894 3745 3744
894 895 3746 3745
895 10 33 3746
