210 4
10 896 3747 33
896 897 3748 3747
897 898 3749 3748
898 899 3750 3749
899 900 3751 3750
900 901 3752 3751
901 902 3753 3752
902 903 3754 3753
903 904 3755 3754
904 905 3756 3755
905 906 3757 3756
906 907 3758 3757
907 908 3759 3758
908 909 3760 3759
909 910 3761 3760
910 911 3762 3761
911 912 3763 3762
912 913 3764 3763
913 914 3765 3764
914 915 3766 3765
915 916 3767 3766
916 917 3768 3767
917 918 3769 3768
918 919 3770 3769
919 920 3771 3770
920 921 3772 3771
921 922 3773 3772
922 923 3774 3773
923 924 3775 3774
924 925 3776 3775
925 926 3777 3776
926 927 3778 3777
927 928 3779 3778
928 929 3780 3779
929 930 3781 3780
930 931 3782 3781
931 932 3783 3782
932 933 3784 3783
933 934 3785 3784
934 935 3786 3785
935 936 3787 3786
936 937 3788 3787
937 938 3789 3788
938 939 3790 3789
939 940 3791 3790
940 941 3792 3791
941 942 3793 3792
942 943 3794 3793
943 944 3795 3794
944 945 3796 3795
945 946 3797 3796
946 947 3798 3797
947 948 3799 3798
948 949 3800 3799
949 950 3801 3800
950 951 3802 3801
951 952 3803 3802
952 953 3804 3803
953 954 3805 3804
954 955 3806 3805
955 956 3807 3806
956 957 3808 3807
957 958 3809 3808
958 959 3810 3809
959 960 3811 3810
960 961 3812 3811
961 962 3813 3812
962 963 3814 3813
963 964 3815 3814
964 965 3816 3815
965 966 3817 3816
966 967 3818 3817
967 968 3819 3818
968 969 3820 3819
969 970 3821 3820
970 971 3822 3821
971 972 3823 3822
972 973 3824 3823
973 974 3825 3824
974 975 3826 3825
975 976 3827 3826
976 977 3828 3827
977 978 3829 3828
978 979 3830 3829
979 980 3831 3830
980 981 3832 3831
981 982 3833 3832
982 983 3834 3833
983 984 3835 3834
984 18 34 3835
18 34 4162 985
985 4162 4161 986
986 4161 4160 987
987 4160 4159 988
988 4159 4158 989
989 4158 4157 990
990 4157 4156 991
991 4156 4155 992
992 4155 4154 993
993 4154 4153 994
994 4153 4152 995
995 4152 4151 996
996 4151 4150 997
997 4150 4149 998
998 4149 4148 999
999 4148 4147 1000
1000 4147 4146 1001
1001 4146 4145 1002
1002 4145 4144 1003
1003 4144 4143 1004
1004 4143 4142 1005
1005 4142 4141 1006
1006 4141 4140 1007
1007 4140 4139 1008
1008 4139 4138 1009
1009 4138 4137 1010
1010 4137 4136 1011
1011 4136 4135 1012
1012 4135 4134 1013
1013 4134 35 19
19 1014 4163 35
1014 1015 4164 4163
1015 1016 4165 4164
1016 1017 4166 4165
1017 1018 4167 4166
1018 1019 4168 4167
1019 1020 4169 4168
1020 1021 4170 4169
1021 1022 4171 4170
1022 1023 4172 4171
1023 1024 4173 4172
1024 1025 4174 4173
1025 1026 4175 4174
1026 1027 4176 4175
1027 1028 4177 4176
1028 1029 4178 4177
1029 1030 4179 4178
1030 1031 4180 4179
1031 1032 4181 4180
1032 1033 4182 4181
1033 1034 4183 4182
1034 1035 4184 4183
1035 1036 4185 4184
1036 1037 4186 4185
1037 1038 4187 4186
1038 1039 4188 4187
1039 1040 4189 4188
1040 1041 4190 4189
1041 1042 4191 4190
1042 1043 4192 4191
1043 1044 4193 4192
1044 1045 4194 4193
1045 1046 4195 4194
1046 1047 4196 4195
1047 1048 4197 4196
1048 1049 4198 4197
1049 1050 4199 4198
1050 1051 4200 4199
1051 1052 4201 4200
1052 1053 4202 4201
1053 1054 4203 4202
1054 1055 4204 4203
1055 1056 4205 4204
1056 1057 4206 4205
1057 1058 4207 4206
1058 1059 4208 4207
1059 1060 4209 4208
1060 1061 4210 4209
1061 1062 4211 4210
1062 1063 4212 4211
1063 1064 4213 4212
1064 1065 4214 4213
1065 1066 4215 4214
1066 1067 4216 4215
1067 1068 4217 4216
1068 1069 4218 4217
1069 1070 4219 4218
1070 1071 4220 4219
1071 1072 4221 4220
1072 1073 4222 4221
1073 1074 4223 4222
1074 1075 4224 4223
1075 1076 4225 4224
1076 1077 4226 4225
1077 1078 4227 4226
1078 1079 4228 4227
1079 1080 4229 4228
1080 1081 4230 4229
1081 1082 4231 4230
1082 1083 4232 4231
1083 1084 4233 4232
1084 1085 4234 4233
1085 1086 4235 4234
1086 1087 4236 4235
1087 1088 4237 4236
1088 1089 4238 4237
1089 1090 4239 4238
1090 1091 4240 4239
1091 1092 4241 4240
1092 1093 4242 4241
1093 1094 4243 4242
1094 1095 4244 4243
1095 1096 4245 4244
1096 1097 4246 4245
1097 1098 4247 4246
1098 1099 4248 4247
1099 1100 4249 4248
1100 1101 4250 4249
1101 1102 4251 4250
1102 11 36 4251
