300 4
11 1103 4252 36
1103 1104 4253 4252
1104 1105 4254 4253
1105 1106 4255 4254
1106 1107 4256 4255
1107 1108 4257 4256
1108 1109 4258 4257
1109 1110 4259 4258
1110 1111 4260 4259
1111 1112 4261 4260
1112 1113 4262 4261
1113 1114 4263 4262
1114 1115 4264 4263
1115 1116 4265 4264
1116 1117 4266 4265
1117 1118 4267 4266
1118 1119 4268 4267
1119 1120 4269 4268
1120 1121 4270 4269
1121 1122 4271 4270
1122 1123 4272 4271
1123 1124 4273 4272
1124 1125 4274 4273
1125 1126 4275 4274
1126 1127 4276 4275
1127 1128 4277 4276
1128 1129 4278 4277
1129 1130 4279 4278
1130 1131 4280 4279
1131 1132 4281 4280
1132 1133 4282 4281
1133 1134 4283 4282
1134 1135 4284 4283
1135 1136 4285 4284
1136 1137 4286 4285
1137 1138 4287 4286
1138 1139 4288 4287
1139 1140 4289 4288
1140 1141 4290 4289
1141 1142 4291 4290
1142 1143 4292 4291
1143 1144 4293 4292
1144 1145 4294 4293
1145 1146 4295 4294
1146 1147 4296 4295
1147 1148 4297 4296
1148 1149 4298 4297
1149 1150 4299 4298
1150 1151 4300 4299
1151 1152 4301 4300
1152 1153 4302 4301
1153 1154 4303 4302
1154 1155 4304 4303
1155 1156 4305 4304
1156 1157 4306 4305
1157 1158 4307 4306
1158 1159 4308 4307
1159 1160 4309 4308
1160 1161 4310 4309
1161 1162 4311 4310
1162 1163 4312 4311
1163 1164 4313 4312
1164 1165 4314 4313
1165 1166 4315 4314
1166 1167 4316 4315
1167 1168 4317 4316
1168 1169 4318 4317
1169 1170 4319 4318
1170 1171 4320 4319
1171 1172 4321 4320
1172 1173 4322 4321
1173 1174 4323 4322
1174 1175 4324 4323
1175 1176 4325 4324
1176 1177 4326 4325
1177 1178 4327 4326
1178 1179 4328 4327
1179 1180 4329 4328
1180 1181 4330 4329
1181 1182 4331 4330
1182 1183 4332 4331
1183 1184 4333 4332
1184 1185 4334 4333
1185 1186 4335 4334
1186 1187 4336 4335
1187 1188 4337 4336
1188 1189 4338 4337
1189 1190 4339 4338
1190 1191 4340 4339
1191 1192 4341 4340
1192 1193 4342 4341
1193 1194 4343 4342
1194 1195 4344 4343
1195 1196 4345 4344
1196 1197 4346 4345
1197 1198 4347 4346
1198 1199 4348 4347
1199 1200 4349 4348
1200 1201 4350 4349
1201 1202 4351 4350
1202 1203 4352 4351
1203 1204 4353 4352
1204 1205 4354 4353
1205 1206 4355 4354
1206 1207 4356 4355
1207 1208 4357 4356
1208 1209 4358 4357
1209 1210 4359 4358
1210 1211 4360 4359
1211 1212 4361 4360
1212 1213 4362 4361
1213 1214 4363 4362
1214 1215 4364 4363
1215 1216 4365 4364
1216 1217 4366 4365
1217 1218 4367 4366
1218 1219 4368 4367
1219 1220 4369 4368
1220 1221 4370 4369
1221 1222 4371 4370
1222 1223 4372 4371
1223 1224 4373 4372
1224 1225 4374 4373
1225 1226 4375 4374
1226 1227 4376 4375
1227 1228 4377 4376
1228 1229 4378 4377
1229 1230 4379 4378
1230 1231 4380 4379
1231 1232 4381 4380
1232 1233 4382 4381
1233 1234 4383 4382
1234 1235 4384 4383
1235 1236 4385 4384
1236 1237 4386 4385
1237 1238 4387 4386
1238 1239 4388 4387
1239 1240 4389 4388
1240 1241 4390 4389
1241 1242 4391 4390
1242 1243 4392 4391
1243 1244 4393 4392
1244 1245 4394 4393
1245 1246 4395 4394
1246 1247 4396 4395
1247 1248 4397 4396
1248 1249 4398 4397
1249 1250 4399 4398
1250 1251 4400 4399
1251 15 37 4400
15 1252 4490 37
1252 1253 4491 4490
1253 1254 4492 4491
1254 1255 4493 4492
1255 1256 4494 4493
1256 1257 4495 4494
1257 1258 4496 4495
1258 1259 4497 4496
1259 1260 4498 4497
1260 1261 4499 4498
1261 1262 4500 4499
1262 1263 4501 4500
1263 1264 4502 4501
1264 1265 4503 4502
1265 1266 4504 4503
1266 1267 4505 4504
1267 1268 4506 4505
1268 1269 4507 4506
1269 1270 4508 4507
1270 1271 4509 4508
1271 1272 4510 4509
1272 1273 4511 4510
1273 1274 4512 4511
1274 1275 4513 4512
1275 1276 4514 4513
1276 1277 4515 4514
1277 1278 4516 4515
1278 1279 4517 4516
1279 1280 4518 4517
1280 1281 4519 4518
1281 1282 4520 4519
1282 1283 4521 4520
1283 1284 4522 4521
1284 1285 4523 4522
1285 1286 4524 4523
1286 1287 4525 4524
1287 1288 4526 4525
1288 1289 4527 4526
1289 1290 4528 4527
1290 1291 4529 4528
1291 1292 4530 4529
1292 1293 4531 4530
1293 1294 4532 4531
1294 1295 4533 4532
1295 1296 4534 4533
1296 1297 4535 4534
1297 1298 4536 4535
1298 1299 4537 4536
1299 1300 4538 4537
1300 1301 4539 4538
1301 1302 4540 4539
1302 1303 4541 4540
1303 1304 4542 4541
1304 1305 4543 4542
1305 1306 4544 4543
1306 1307 4545 4544
1307 1308 4546 4545
1308 1309 4547 4546
1309 1310 4548 4547
1310 13 38 4548
13 1311 4638 38
1311 1312 4639 4638
1312 1313 4640 4639
1313 1314 4641 4640
1314 1315 4642 4641
1315 1316 4643 4642
1316 1317 4644 4643
1317 1318 4645 4644
1318 1319 4646 4645
1319 1320 4647 4646
1320 1321 4648 4647
1321 1322 4649 4648
1322 1323 4650 4649
1323 1324 4651 4650
1324 1325 4652 4651
1325 1326 4653 4652
1326 1327 4654 4653
1327 1328 4655 4654
1328 1329 4656 4655
1329 1330 4657 4656
1330 1331 4658 4657
1331 1332 4659 4658
1332 1333 4660 4659
1333 1334 4661 4660
1334 1335 4662 4661
1335 1336 4663 4662
1336 1337 4664 4663
1337 1338 4665 4664
1338 1339 4666 4665
1339 1340 4667 4666
1340 1341 4668 4667
1341 1342 4669 4668
1342 1343 4670 4669
1343 1344 4671 4670
1344 1345 4672 4671
1345 1346 4673 4672
1346 1347 4674 4673
1347 1348 4675 4674
1348 1349 4676 4675
1349 1350 4677 4676
1350 1351 4678 4677
1351 1352 4679 4678
1352 1353 4680 4679
1353 1354 4681 4680
1354 1355 4682 4681
1355 1356 4683 4682
1356 1357 4684 4683
1357 1358 4685 4684
1358 1359 4686 4685
1359 1360 4687 4686
1360 1361 4688 4687
1361 1362 4689 4688
1362 1363 4690 4689
1363 1364 4691 4690
1364 1365 4692 4691
1365 1366 4693 4692
1366 1367 4694 4693
1367 1368 4695 4694
1368 1369 4696 4695
1369 1370 4697 4696
1370 1371 4698 4697
1371 1372 4699 4698
1372 1373 4700 4699
1373 1374 4701 4700
1374 1375 4702 4701
1375 1376 4703 4702
1376 1377 4704 4703
1377 1378 4705 4704
1378 1379 4706 4705
1379 1380 4707 4706
1380 1381 4708 4707
1381 1382 4709 4708
1382 1383 4710 4709
1383 1384 4711 4710
1384 1385 4712 4711
1385 1386 4713 4712
1386 1387 4714 4713
1387 1388 4715 4714
1388 1389 4716 4715
1389 1390 4717 4716
1390 1391 4718 4717
1391 1392 4719 4718
1392 1393 4720 4719
1393 1394 4721 4720
1394 1395 4722 4721
1395 1396 4723 4722
1396 1397 4724 4723
1397 1398 4725 4724
1398 1399 4726 4725
1399 8 39 4726
